7604794570,悬溺一晌 纯爱登场0.8X,真诚的嘴不会说 会说的嘴不真诚,"['华语', '流行', '伤感', '伤感']","[2096950037, 2066988154, 2097253639, 2080406263, 2073447940, 1990086349, 2012783434, 1948007389, 2019351846, 1968429904, 1961635454, 1931410909, 2016323659, 2074992122, 2030290848, 2042914953, 1990653893, 2013029323, 1926005004, 1963213974, 1960474107, 1944802405, 1995697336, 1979318019, 1939409274, 1956256056, 1987313041, 1970973216, 1941265858, 1954223039, 1919046169, 1932018478, 1919009414, 1944123716, 1960351004, 1958119516, 1971651539, 1955223133, 1989729777, 1971490891, 1957492947, 1958121913, 1957883626, 1955286780, 1926259611, 1957344271, 1946234096, 1960672246, 1961454402, 1952923251, 1928252684, 1935408820, 1952233909, 1956168505, 1973960636, 1406174734, 1966212898, 1959234814, 1961006625, 1947640422, 1949423188, 1960170435, 1925262041, 1958405457, 1939633377, 1949856389, 1953274089, 2071832557, 1945107544, 1955039633, 1972445487, 1994844531, 1955029903, 1926875529]"
557821741,但愿不后悔认识我，也是真的快乐过,"我们的一生要遇到很多人，大部分人都如过耳的风、下过的雨、流过的云一样，在你的脑海里飘弥消散。而仅仅只有少数人，如狂风、似骤雨、化青云在你的灵魂深处荡涤沉浮。人们喜欢把相恋的人走在一起称为缘分，所以，遇见你真的蛮幸运

后来，不知道会生疏到怎样的程度，曾经对你的好都是真的，但愿你不后悔认识我，也是真的快乐过

此后我也许要喜欢上另外一个人，就像当初我喜欢你那样，也有可能除了你就再遇不到能让我感受到心跳的人，逝去的那些美好会面目全非，即便这样，依然感谢与你相遇的岁月","['华语', '伤感', '流行', '伤感']","[188647, 2105445052, 254574, 2083786393, 2099757709, 63650, 1303464858, 1345353903, 522510114, 1842728629, 1838919030, 1426304544, 1888173731, 277822, 385781, 1398283847, 2052416482, 4874159, 2006765053, 2043126974, 2035924573, 1842025914, 287083, 2045111116, 2102417226, 1371780785, 26387325, 2011506526, 209723, 1984475097, 27955653, 326990, 1846489646, 1968508691, 27955654, 1925396986, 2084440515, 453413861, 1978626098, 1426649132, 1331819951, 307103, 302835, 1976740545, 29814898, 1976868825, 362959, 1936526131, 1891469546, 1406083061, 1827600686, 1976526226, 169060, 1911580558, 120255, 1460682363, 1867217766, 141235, 1824250287, 190072, 1493083969, 25727803, 1426112587, 1491221473, 287063, 64317, 1867936253, 1852249269, 1428605192, 465921195, 1808492017, 1406649619, 1359356908, 65538, 1430583016, 1840980719, 449577226, 36492751, 254315, 1478047850, 205326, 277111, 432698831, 1854142292, 400074084, 130051, 1804879213, 1435449062, 1477539203, 1495058484, 1454723856, 1466643383, 1806096611, 208908, 1416387774, 557583281, 1443838552, 488647219, 548556869, 1396330061, 29046179, 548648064, 35618568, 208942, 445703343, 240147, 434550872, 544000976, 35625824, 188439, 28427320, 492144016, 519935205, 453445743, 534542079, 486194135, 547360643, 410519050, 529814240, 283435, 529747143, 525238891, 307731, 254191, 306920, 522352195, 307018, 529823399, 247634, 443292545, 516770841, 26127574, 273114, 34077046, 261341]"
8796273972,到底又兜兜转转了多少年,什么时候我们才能遇见,"['流行', '伤感', '思念', '伤感']","[2093260138, 1991801101, 2031796212, 2073180552, 1954048368, 1447197941, 1955028561, 1454479718, 2039295463, 1901628234, 1442120421, 1497779613, 2010122559, 1450396701, 1969510653, 1412744709, 1814081146, 1993525055, 1904545116, 1994057212, 1938664126, 1969841316, 2091883532, 1969841968, 2055864684, 1445767376, 1956171974, 1969823206, 1942160436, 1969841315, 1959303514, 1873577252, 1957560926, 1453614559, 1993912412, 1873518697, 2019628591, 1964744004, 2002001921, 1439219762, 1956278686, 1442536285, 2011353535, 1875745470, 2002993828, 1458220433, 2016245945, 1846272603, 1916624715, 1467240495, 1492958826, 1964744491, 1889789408, 1957830498, 1969823070, 2047104095, 1449116720, 1874229405, 1855221458, 1990342967, 1951931326, 1432582566, 2005078579, 2014182366, 1958121913, 1931410909, 1986771025, 1955039633, 1940376172, 2011980994, 1976617758, 1962857165, 25639007, 1936051506, 2011271256, 2003007783, 1359356908, 343557, 1371780785, 2011343263, 2011168981, 2006005942, 1949707074, 1961994434, 1960544061, 1904847010, 1956502261, 1958696674, 1999921679, 1999635476, 1959104263, 1975746563, 1959151600, 1997524649, 1995827952, 1997125151, 2000524495, 2007335651, 1892621771, 2000635139, 2005705972, 2007806454, 2005524305, 2005499054]"
2480163389,失去和熬夜都成习惯了.,愿你能朝九晚五也能浪迹天涯,"['伤感', '孤独', '安静', '伤感']","[1936765604, 1998399631, 2016245945, 1969022727, 2004007990, 1970120096, 2091493709, 2008340510, 1995874408, 2001985835, 2043025160, 2039257159, 1991006331, 2036833296, 2019525144, 1960622986, 1986043314, 2014528845, 1959901735, 2012137045, 2009540577, 2039153338, 1962707814, 2039157171, 2004684695, 1949283516, 1939685534, 2002113086, 1831459604, 1986709123, 1983212649, 2030922711, 2038905625, 1970302591, 2001639829, 2004523873, 2002558018, 1976115224, 1960404594, 1995244704, 1810299649, 1960672246, 2033957082, 1959388593, 2019269797, 1959369502, 1973694058, 1937212415, 1974228177, 2019582624, 1969933930, 1982285682, 1942293929, 2009271731, 2022613822, 1945206951, 1940376172, 1981326631, 2000144090, 1944068289, 1984889268, 2016323659, 1991694585, 2019351846, 1979318019, 2008559324, 2015047009, 1955289158, 1945242146, 2014108927, 1960728945, 2001687595, 1972438020, 2008789204, 1985421283, 2024310422, 2011905070, 1979585223, 1940891618, 1972334418, 1804606518, 1934897873, 2019273641, 426881580, 1970324585, 2026812798, 1831795705, 2021786934, 1955965797, 547969202, 2000179232, 2000333037, 1968791360, 2008919588, 2006625752, 1994280143, 2012239401, 2007861279, 1983501304, 2919622, 1993525055, 1969841968, 1957492947, 2010192713, 1950623508, 1974075217, 1994566059, 1998938646, 1980295875, 1971490891, 1958119516, 1993517689, 1972605205, 2009639556, 1829057624, 1971651539, 536841326, 1953028750, 1955039633, 1949423188, 1957572420, 1960170435, 1961805623, 1957211405, 1950070166, 1947603361, 1961175419, 1952870374, 1957883626, 1958405457, 1960912541, 1957344271, 488249475, 1842025914, 1807799505, 1374329431, 29023826]"
8839486553,我的26岁女房客（天空的城）,"纠缠半生 终为过客。

人性的背后是白云苍狗
愿你我都做生活的高手
可能需要饱含热泪
才能看到心底的天空之城吧。

封面:@旅者AMING @Chelsea鹅","['华语', '民谣', '伤感', '伤感']","[2088339130, 27646198, 186513, 27646196, 1928081930, 27646205, 2037972255, 27646199, 2009386221, 2079403511, 2009383308, 2037972258, 2021373243, 109508, 472466945, 186842, 2089583611, 461616426, 2011870400, 30612793, 182362, 1986771025, 27671269, 85571, 2026812798, 445154140, 150633, 2060619042, 2066654616, 26093064, 1397345903, 1459935719, 1827600686, 1931994283, 426881489, 436346833, 442869203, 1803516409, 1977421269, 4872980, 1925500681, 1484081302, 1895330088, 285321, 2016323659, 1907267256, 1911764813, 1378461468, 1936335725, 247416, 247417, 247415, 292250, 299589, 247421, 2070754846]"
2610231104,你曾经有多认真的喜欢一个人,"封面人物：琉花

有些歌不忍再听，怕歌词暗合前情。  有些话不想再说，怕片语勾起回忆。  有些路不愿再走，怕途中重遇过往。  有些人不能再提，怕惊醒平静的心。 ​​​

榜姐话题：你曾经有多认真的喜欢一个人？

1：忘了我也是个很骄傲的人啊，我也是爸妈非常疼爱的人，却在你这里没有尊严。

2：原来，过了这么久，看到这个话题想到的还是他

3：很认真很认真，因为他的一句话或喜或悲，心情好坏全由他掌控，真是厌恶死了这种感觉，到后来，我给了自己自由

4：和你的聊天记录全都截屏下来 然后保存好 经常翻来看

5：认真到……害怕他喜欢我，我都不知道拿什么去回应

等不到的人，就别等了。爱不到的人，就别爱了，你勉强的样子，真的不漂亮。 

希望你能够好好爱自己，不要让自己在那段得不到的爱情里受尽委屈，你值得有个人，好好来爱你。","['华语', '流行', '伤感', '伤感']","[2090313245, 2105445052, 2105038739, 2097535714, 2104959791, 2097278594, 1807799505, 2057534370, 1974443814, 26127565, 1895330088, 488249475, 436346833, 1959667345, 1978670873, 1982706733, 2049512697, 475479888, 1970396862, 2041974276, 1824045033, 247936, 1943043408, 1951069525, 1903876057, 1966162185, 1922888354, 1984475097, 1940943649, 1359818052, 1929346993, 1929370102, 1947948874, 29774171, 1927402478, 191528, 1930881799, 1924245718, 1925396986, 1938019501, 1920784999, 1374505714, 1936526131, 1919430638, 1933915376, 1923473939, 1923183766, 1923184888, 1919147134, 1928857203, 1901371647, 1861640530, 28403111, 1842025914, 1941278796, 1923498908, 1900998233, 1900190434, 1867217766, 1909651843, 1873049720, 1872024726, 1868943615, 1880886636, 1901359386, 1827600686, 1843704418, 1405895961, 1885427474, 1891469546, 1815085049, 1885421530, 1847250546, 1406649619, 1481929839, 27646409, 5252288, 1848190450, 1423241987, 1852043547, 1363205817, 1867936253, 1456443773, 1330348068, 1497588709, 1842728629, 1854105063, 1850504171, 1430583016, 1436709403, 1846489646, 1810711312, 1845651956, 1844442105, 1463165983, 1833634254, 1842784921, 1840980719, 441491828, 1811921555, 1818581946, 1822712479, 1443838552, 496370620, 29759733, 1394963332, 1493083969, 523250334, 1337205804, 29814898, 523251118, 1403318151, 254191, 65538, 1389874526, 445665094, 1500569811, 1811459887, 558071673, 1809100933, 533259686, 1370047789, 133998, 1813864802, 1331819027, 1466327559, 316756, 188671, 185700, 29713754, 287063, 306920, 327068, 22740077, 26620756, 209609, 25707139, 254574, 1459950258, 35040810, 208938, 189323, 190072, 553755659, 1359356908, 1398663411, 1824025894, 1828026086, 1368754688, 255589, 1441758494, 1827109585, 1804879213, 32835565, 1315718569, 1477539203, 28481818, 1463168014, 1376166020, 1336856777, 1477319527, 1492584510, 1445761206, 1442508316, 1822538249, 465921195, 1435449062, 1438865533, 1413585838, 1331819951, 1403215687, 1808492017, 327419, 1397345903, 157276, 287067, 493735012, 167916, 306643, 1342798235, 1321518222, 28606750, 1331593956, 507364094, 28285910, 1301572067, 1345848098, 1338146062, 1336866698, 1807799504, 1336866134, 27493040, 1336862163, 1391477429, 286980, 254645, 1331584791, 501928179, 524868012, 315962, 534542079, 1293886117, 863492743, 36492753, 431357712, 25727803, 210025, 518076346, 1294899029, 27747328, 569214126, 864647841, 165522, 224000, 437290277, 448707059, 185919, 27483167, 277822, 526464293, 551816010, 40249713, 255858, 327096, 518686034, 247536, 28481103, 277302, 446512502, 448144321, 442869203, 436514312, 167912, 189238, 188429, 150667, 65528, 63650, 209914, 432509882, 233880, 247810, 400161588, 189315, 210019, 254639, 167959, 307525, 297495, 108242, 385965]"
8674369095,0.8x 想你在身边 永远,你哭的最伤心那个晚上变成大人了吗?”“不是，是我忍住没哭的那个晚上,"['华语', '流行', '伤感', '伤感']","[2103149693, 2102741886, 2101821758, 2099612474, 2086398530, 2031414209, 2086396366, 2085354434, 2063681659, 1963213974, 1898044638, 1973058747, 2046047884, 2086411530, 1984836305, 1955039633, 2031987807, 2015071038, 1960170435, 2063180564, 1954223039, 1970539602, 2016323659, 1955223133, 1944802405, 2069188612, 1955029675, 2066627707, 1942160436, 1895330088, 1946234096, 1974220757, 1955028561, 1971490891, 1972445487, 1955423798, 1993517689, 1959303514, 1971651539, 2052988645, 1950070505, 1979318019, 2019547267, 2011340913, 1983579076, 2053697901, 2071832557, 1968429904, 1956171974, 1993916268, 1961161601, 2056611662, 2024683335, 1942691124, 1961174794, 2019351846, 1927049477, 1989510805, 1954924353, 2013400554, 1971912738, 1910475145, 1994844531, 1955286780, 1966212898, 2020290667, 1970338296, 1954500571, 1955680800, 1359382613, 2000144090, 1986516450, 1909326368, 1961161592, 1980995259, 1949423188, 2007166580, 1940359218, 1956810237, 1959207292, 1974228177, 1958934349, 1980295875, 2011905070, 2016500441, 1958755556, 2042914953, 1958837137, 1952086849, 2034233348, 2000609564, 1957883626, 1923160537, 1959225989, 1955464015, 2013091967, 1930678485, 1976455877]"
7694963809,海的那边还是海吗「0.8X / 0.7X」,不知不觉，新电影变成了旧电影，新歌变成了旧歌，新人变成了旧人，心情变成了回忆，回忆却找不到过去,"['华语', '流行', '伤感', '伤感']","[2103149705, 2103149693, 2102741886, 2101821758, 2102889722, 1993517689, 2086398530, 2086411530, 2086396366, 2063681659, 1955423798, 2061774362, 2085354434, 2063180564, 1443937011, 1499892134, 1968429904, 1898044638, 2061713507, 1955039633, 2031414209, 2031987807, 1951416744, 1897456654, 1957211405, 1898038197, 1956171974, 2046047884, 1984836305, 1944123716, 1897376082, 1954223039, 1972445487, 1895997028, 2038498704, 1958856851, 2012726027, 1951789518, 1895426424, 1971490891, 1819703536, 1946234096, 1897685807, 1963213163, 1896011629, 1944802405, 1897678158, 1939236435, 1833106566, 1971085904, 1824090589, 1960449627, 1964510434, 1897439735, 1961174794, 1929311293, 1970324585, 2012726202, 1955464015, 1897428578, 1960170435, 1868918362, 1966212898, 1804248044, 1938862336, 1927049477, 1955029675, 1925574040, 1454242523, 1993916268, 1918286448, 1966463160, 1984618685, 1955204537, 1959225989, 1999878178, 1954924353, 2005068219, 1957560926, 1955028561, 1959028063, 1949856389, 1952086849, 1994076616, 1994566059, 1941362417, 1974220757, 1959234814, 1936616271, 1957492947, 1959152626, 1990116104, 1959303514, 1971085816, 1940359218, 1975753397, 1939878025, 1961228149, 1970659836, 1996245821, 2000820134, 1958934349, 1924794277, 1956810237, 1997559337, 1996312116, 2006835449, 1952535032, 1959388358, 1973694058, 1942334136, 1947780316, 1971651539, 1954500571, 1980273066, 1947444886, 1942845694, 1909326368, 1961161601, 1963213974, 1861031476]"
7514401303,人生语录-|难过|伤心|扎心|现实（更新中）,"经典人生语录 句句都是那么现实
人生总是有苦有甜 一切都是暂时的
会好的 会好的……","['流行', '伤感', '网络歌曲', '伤感']","[2096395664, 1986345302, 2074523077, 1898427078, 1956038456, 1916925997, 1910782377, 1478870336, 91448, 1860156284, 1947736154, 1823829596, 2002431491, 1954998940, 1970584757, 2024287792, 1830722977, 1950979513, 1873819384, 1817464870, 1892621835, 1981326631, 1968354813, 2010644047, 2010642116, 2006204961, 2008958357, 2010642235, 1968254108, 2010089376, 1982530255, 2010092125, 1977614677, 1929995196, 2004409804, 1955965797, 1950143719, 1938687246, 1921629043, 1928805329, 1899548823, 1806068477, 1904787372, 1942920591, 1969504266, 1921774342, 1351452162, 1914722680, 1959485001, 1835010838, 1834993855, 1891483545, 1888184248, 1919737799, 1818566742, 1919629728, 1900430023, 1942752225, 1942767226, 1942767207, 1939762791, 1939760080, 1945067141, 1942755778, 1806568439, 1317164955, 1942919998, 1938401701, 1915569709, 1828132085, 1884719402, 1817465014, 1811889650, 1924391455, 1917412546, 1920674387, 1910186554, 1913205840, 1452407910, 1884322516, 1919731313, 1897531364, 1919976605, 1812462300, 1903227180, 1919627666, 549941729, 1830759072, 1834444495, 1892803641, 1915561495, 1806678519, 1327361054, 1904775190, 1920285790, 1854806047, 1886768501, 1902622077, 1904087963, 1318847667, 1339738542, 1338220285]"
8734913980,致郁纯音｜如梦一场 致敬这场相遇,董卿写过一段话:“无论我们最后生疏成什么样子，曾经对你的好都是真的。就算终有一散，也别辜负相遇。希望你不后悔认识我，也是真的快乐过。如果能回到从前，我会选择不认识你，不是我后悔，是我不能面对现在的结局”,"['轻音乐', '流行', '伤感', '伤感']","[20952171, 2019035410, 1960740829, 1455860840, 1937226721, 1803629076, 530153789, 2032661389, 1973673109, 2026783884, 1924883994, 1949606307, 2019628591, 1990000440, 2011996600, 1960642479, 1316330689, 1484081302, 1364292313, 1845698007, 2025474049, 1831739822, 554308724, 1925500681, 1858877817, 1942310751, 1937372851, 1453114049, 521935820, 1446768346, 28578763, 1862657290, 1982285682, 1877558160, 1877526024, 583253, 421885538, 1379215363, 1439739102, 1439741084, 1463366813, 2031152579, 431259949, 1890756154, 1868109272, 1883997763, 1831761295, 1437104287, 532884896, 1334363758, 533080888, 519913019, 1356953795, 1818954796, 1497228119, 436667409, 1468004556, 35283313, 38018486, 2009974513, 1897819833, 1852593758, 402172797, 1419708437, 1344038671, 421148106, 1857997070, 1487946556, 1822204155]"
2831507776,虐到骨子里的歌词 你能坚持听完几首？,"总有那么一些歌
让我们感伤 落泪
但其实让我们伤感的并不是歌曲本身
而是藏在回忆里的那些人
你闯进我的世界
然后半途而废
最后舍不得的人是我
心痛的人也是我
我可以用一天的时间爱上你
却要用一辈子的时间来忘记你

封面：赵丽颖

By：朩朩青尘","['华语', '孤独', '伤感', '伤感']","[2084398414, 2097836723, 2104959791, 1315718569, 209914, 65334, 316154, 307474, 254747, 247520, 1931517046, 142931, 518686034, 175991, 28315295, 435288399, 190241, 1300994613, 176053, 504835560, 27955654, 5231283, 254309, 188671, 186436, 65528, 86943, 26145111, 441491828, 175072, 29850531, 523251118, 189323, 255858, 272590, 94714, 300136, 327422, 424264505, 287398, 308353, 1430583016, 29814898, 445665094, 33497051, 516728102, 442314991, 63650, 446512502, 29759733, 254574, 1806567921, 189986, 118261, 306575, 108299, 189315, 31311140, 63538, 229546, 307594, 406730322, 308518]"
8715155919,思绪回到那年冬 马上又是一年冬,我带你走过春夏秋冬不想太普通,"['流行', '伤感', '网络歌曲', '伤感']","[2085647962, 2073180552, 1447197941, 2076138525, 1454479718, 2065692733, 2031796212, 2084534691, 2039295463, 2011364250, 1442120421, 2039013149, 1497779613, 1412744709, 2033944867, 1994057212, 1450396701, 1876226709, 1964744004, 2077078350, 1969841315, 2075483239, 1993525055, 2068633237, 1445767376, 2005782864, 1969841968, 2071049306, 1969823206, 2010586461, 1969841316, 2064610906, 1453614559, 2062905095, 1458220433, 1991013629, 1873518697, 2005181244, 1875745470, 2005967274, 1873577252, 1914142119, 1442536285, 2064337116, 1439219762, 2069662526, 1969823070, 2065816267, 1889789408, 1956151856, 1492958826, 2055864684, 1467240495, 1432582566, 2063264314, 1846272603, 2012284243, 1855221458, 1972204929, 1449116720, 2013689112, 2011886715, 1947158068, 2063137135, 2045101792, 2057806953, 2009094204, 2009617830, 2020179688, 2014773336, 1959191280, 2063846569, 1994859362, 2032038573, 2021115709, 2049351931, 2044170600, 2045226643, 1872132205, 1888510312, 2056932631, 2058309266, 2051311533, 2046306407, 2015928715, 1991012716, 2035798582, 2057625662, 2012939899, 1978260558, 1996891035, 2012937538, 2019347017, 1988150002, 1873396341, 1915336641, 1966411352, 2032434442, 2036152326, 2042945992, 2031910579, 1982946102, 2022874626, 2007335651, 1998057752, 1994543172, 2002015144, 1914650959, 2025238888, 1999891217, 2003413749, 1991880491, 2015047009, 1946400371, 1942885780, 1981638319, 1913880307, 1829058639, 1986112097, 1975055663, 1959159707, 1943355190, 2021849994, 2002113086, 1987540322, 2012328830, 2013256875, 1971784753, 2012119453, 2012211422, 1951474864, 2013418569, 2012724686, 1908595518, 1943979608, 1961021610, 1952477955, 1995052279, 2005705972, 2009045141, 1974221156, 1989837563, 2009711495, 2009618220, 2001370750, 2010122559, 1977843724, 1979618737, 1998938646, 1933951826, 2010302331, 1902187434, 1985072824, 2004406070, 1998046183, 2010507299, 2010750089, 2004464787, 2004150070, 1895125460, 1956175718, 1983608088, 1926969728, 2007644398, 2007806454, 2006005942, 2011343263, 2002993828, 2002001921, 2011980994, 1996521416, 2000333037, 1999699146, 1893818809, 1955031742, 1962307121, 1991894808, 2010652656, 1829064880, 1823291874, 1895595395, 1954704484]"
8140433637,心若诚则永不分离ᶫᵒᵛᵉᵧₒᵤ 0.8x,"我的青春里，

所有的幸福都是你给我的，

从青春开始爱上你，

我怎么会后悔呢…","['流行', '伤感', '华语', '伤感']","[2074070772, 2103260002, 1990544606, 1960672246, 1954023987, 2105538687, 1877420951, 2004406070, 1948007389, 2031796212, 1959207292, 2104756704, 1989487495, 2090597090, 2000609564, 2092613265, 1973472589, 2062603980, 1955028561, 2029366323, 1972008463, 1990080484, 2066627256, 2082760150, 1945417412, 2073447940, 1831429391, 2016323659, 2071832557, 2021363085, 1990116104, 1990086349, 2003695658, 1986484147, 1971651539, 1972642758, 1958405367, 1956046290, 2020179688, 1946234096, 1971516226, 1991881561, 1963416094, 1937372851, 1958023246, 1935408820, 1973864158, 1926259611, 2002113086, 1981325867, 1954200620, 2005841798, 1930095403, 1953028750, 1986771025, 2074103736, 1321385420, 1993912412, 1998135910, 1958934349, 1955423798, 532067244, 1963213974, 1948293288, 1981238228, 1957883626, 1958119516, 2005880062, 1952287413, 2012783434, 1971490891, 1984264060, 1954957116, 1956161771, 1962023567, 1996080550, 1962438244, 1957492947, 1936835241, 1925560390, 2012658937, 1986516450, 1972418609, 1952233909, 1928073201, 1955223133, 1938862336, 1986319111, 1990653893, 1960170435, 1960300439, 1947640422, 1966212898, 1974220757, 1949423188, 1955204537, 1987313041, 1993517689, 1983501304, 1957560926, 1970973216, 1955029675, 1971651762]"
6971596086,失恋emo歌单 | 「伤感」「孤独」「痛苦」,丧气的时候，记得告诉自己，千里迢迢来这人间，不是来寻找失败的。,"['华语', '流行', '伤感', '伤感']","[2106355966, 1397345903, 2085408290, 1370047789, 1403318151, 1488077114, 1383927243, 1346104327, 2098991574, 1315718569, 31654343, 2038202805, 1486763122, 504835560, 1310728498, 133998, 1345848098, 550138197, 493735012, 1919226883, 1985705551, 1925452719, 436346833, 1895330088, 1398283847, 1456890009, 1842728629, 475479888, 1807799505, 2026224214, 488249475, 865632948, 1463165983, 1827600686, 1891431677, 441491828, 1926623288, 553755659, 2057534370, 2083785152, 1330348068, 30612793, 1927693793, 1368754688, 208891, 1851652156, 1406083061, 1867217766, 1359356908, 247936, 2075085618, 421486605, 2018733994, 1413585838, 1968781675, 465921195, 1842025914, 1824045033, 2049529248, 1907766514, 1981557398, 502043537, 1887139866, 2021373243, 1413142894, 1443838552, 1908049566, 1984475097, 523250334, 28059417, 2026812798, 1426112587, 65528, 1299550532, 1808492017, 1406649619, 1395222212, 1293886117, 1391891631, 86369, 417859631, 1891469546, 518686034, 1365393542, 1363205817, 496370620, 1958031074, 108242, 1500569811]"
8107666933,0.8x0.7x到底又兜兜转转了多少年,会永远爱我吗 会吗会吗,"['华语', '伤感', '思念', '伤感']","[2013937277, 2093260138, 2031796212, 2073180552, 1901628234, 2039295463, 1442120421, 1497779613, 1955028561, 1447197941, 1954048368, 1454479718, 1972418609, 1969841968, 1990086349, 1969823206, 2047310395, 1450396701, 2019610295, 1994057212, 1991801101, 1412744709, 1972008463, 1986484124, 1993525055, 1984317096, 1442536285, 1983501304, 1445767376, 1990143903, 1969841316, 1944802405, 1969841315, 2007338199, 1873577252, 1955223133, 1964744004, 1993517689, 1969823070, 1986771025, 1889789408, 1979321380, 1873518697, 2007931953, 1439219762, 1939685534, 1846272603, 1954924353, 1965785818, 1917342027, 1971162294, 1959303514, 1971164906, 1971444527, 1965781512, 1961454402, 1875745470, 2005880062, 1492958826, 2007167465, 1449116720, 1953776673, 1972445487, 1952923251, 1916463494, 1947026627, 1944123716, 1950100043, 1961032753, 2010032199, 1994859362, 2006480182, 1985116629, 1995792135, 1970338296, 1991881561, 2007861279, 1993768445, 1990116104, 1989998730, 1972701255, 2002443991, 2009711495, 1998285264, 1997030865, 2006616624, 1957031032, 2008517752, 2002993828, 2007906407, 2005068219, 1998228172, 1970324585, 2005190306, 1999921679, 1997182605, 2001957222, 1997538938, 1986709123, 1999863011, 1998752990, 1996161140, 1989487495, 1994566059, 1984264060, 1933464308, 1939409228, 1926875529, 1967795750, 1990782378, 2000412021, 1999349019, 1972008355, 1974030744, 1996064740, 1992624032, 1995740682, 1995697621, 1956990103, 1997537372, 1989950673, 1955258776, 1986312126, 1927934815, 1996655139, 1931410909, 1990405288, 1955286780, 1830735838, 1974221156, 1968270354, 1959666804, 1991447064, 1958934349, 1951954238, 1958231796, 1954223039, 1971546578, 1959373304, 1971490891, 1996221510, 1961006625, 1956171974, 1959217061, 1955039633, 1960449627, 1943193084, 1956168505, 1927766834, 1972437641, 1948708162, 1996330567, 1957492947, 1930605629, 1936592444, 1955204537, 1974302648, 1986061582, 1992451752, 1980295875, 1960170435, 1960351004, 1919597705, 1973960636, 1955197097, 1958119516, 1961246658, 1946234096, 1970539602, 1952086849, 1960622986, 1961174794, 1966212898, 1988516557, 1984889268, 1985687752, 1970791407, 1971651762, 1974237707, 1970973216, 1964807919, 1973047454, 1982658883, 1961161592, 1929532353, 1959225989, 1955029675, 1930678485, 1963213974, 1962438244, 1973121522, 1972428765, 1955013738, 1944041561, 1959152626, 1972429215, 1951682160, 1945417412, 1948007389, 1925204424, 1953274089, 1958121913, 1919009414, 1948514479]"
7438928161,悬溺一响 纯爱登场 0.8X,没什么好遗憾的 至少听你说过喜欢,"['华语', '流行', '伤感', '伤感']","[2096950037, 2097253639, 2066988154, 2080406263, 2073447940, 1990086349, 2012783434, 1948007389, 2019351846, 1968429904, 1961635454, 1931410909, 2016323659, 2074992122, 2030290848, 2042914953, 1990653893, 2013029323, 1926005004, 1963213974, 1960474107, 1944802405, 1995697336, 1979318019, 1939409274, 1956256056, 1987313041, 1970973216, 1941265858, 1954223039, 1919046169, 1932018478, 1919009414, 1944123716, 1960351004, 1958119516, 1971651539, 1955223133, 1989729777, 1971490891, 1957492947, 1958121913, 1957883626, 1955286780, 1926259611, 1957344271, 1946234096, 1960672246, 1961454402, 1952923251, 1928252684, 1935408820, 1952233909, 1956168505, 1973960636, 1406174734, 1966212898, 1959234814, 1961006625, 1947640422, 1949423188, 1960170435, 1925262041, 1958405457, 1939633377, 1949856389, 1953274089, 2071832557, 1945107544, 1955039633, 1972445487, 1994844531, 1955029903, 1926875529]"
1989105851,戏腔｜台上戏里十年梦 老去经年春与秋,"世有名花程蝶衣 善饰新霸王别姬 入画生旦净末丑 秦淮八艳亦拜揖
戏子戏子 戏中为人 子归戏中
台上戏里十年梦 老去经年春与秋
位卑未敢忘忧国 都道戏子无情 怎知戏子也有心

一入古风终生误 一听戏腔三生短 一遇古风戏腔不回头.","['古风', '华语', '伤感', '伤感']","[28452037, 470774529, 28188432, 28765209, 2102855205, 35806429, 1370008169, 461375949, 101079, 456466402, 175576, 468007598, 34516448, 1479526505, 509531864, 30352891, 469744799, 422790454, 326547, 29775854, 450236237, 446944042, 1339023244, 1451720450, 34899252, 435872131, 557640761, 28445961, 132316, 101126, 454724893, 1412672813, 520993328, 561459551, 526091242, 1358035466, 184544, 505689805, 1297802566, 516462944, 1430805329]"
8828030395,伤感流行｜那就放手吧，别再想他。,"为何窗外的风如此疯狂的拍打窗，
为何你看不见我需要你的疯狂。
你站的好远，
听不见我心里的这片海。
你没有那么爱我，
我能感受到，
毕竟你表达的那么强烈。","['流行', '伤感', '孤独', '伤感']","[1988508992, 2003338062, 1881753635, 1807890552, 2057155825, 1882463958, 2055022717, 1888647840, 2028871055, 1985359251, 2027262398, 1985709585, 2009011359, 1979932589, 2045111116, 2030160077, 2022649218, 2037918332, 2035140834, 1899080121, 425137664, 1868708210, 1995108068, 26145112, 2010232946, 1348383168, 1947908083]"
6968562886,【私藏歌单】宝藏华语歌单！伤感录～,"“我其实并不孤僻，甚至可以说开朗活泼。但大多时候我很懒，懒得经营一个关系。还有一些时候，就是爱自由，觉得任何一种关系都会束缚自己。当然最重要的，还是知音难觅。”
.

“这个世界并不会在意你的自尊，而是要求你在自我感觉良好之前，先有所成就。”
.

“有时，我可能脆弱得一句话就泪流满面，有时，有发现自己咬着牙走了很长的路”","['华语', '伤感', '感动', '伤感']","[1437636100, 2063131354, 1415682131, 2063864551, 1973665667, 2025998830, 553544145, 413829859, 441120217, 2000609564, 2062623445, 421203948, 2066654616, 2045141907, 2007336134, 1984488457, 2037142711, 2021220883, 1360807180, 1406083061, 2057534370, 2019573476, 26387325, 1969874371, 27591236, 385554, 1968599553, 1454670699, 1868874994, 1974443814, 1958031074, 1429716422, 1924245718, 1947208581, 448144321, 1989423797, 1875268926, 210287, 1842728629, 1450791674, 255219, 1979731860, 1431464716, 1903149553, 1387317502, 1971912772, 1851231783, 1415604776, 1971830304, 1459905452, 486506037, 33075139, 1478357174, 1442601013, 488249475, 1362624611, 1808326361, 1852325823, 548808659, 1458986027, 1449648960, 1422715008, 1450128299, 1443143188, 1494588309, 1443881018, 1809100933, 1453114049, 1469006600, 569214250, 1391053342, 1353757543, 1813590062, 109125, 385781, 1434354649, 1979313985, 1804879213, 1372114945, 1916435350, 34497630, 526646591, 864043623, 1442246535, 498758558, 1806117006, 1449678888, 1494262429, 1805042070, 1841002312, 407435011, 1453957944, 1377574592, 1888903341, 1941990933, 1844449888, 1803963146, 440767269, 1435158305, 1811185640, 1467238894, 1813142367, 1850263923, 1463397570, 1895330088, 488256621, 1425896565, 1406686876, 1956064746, 1959667345, 1906833559, 466370500, 1377574956, 1303027499, 1392729979, 5249537, 1843704418, 543988388, 475479888, 1410612655, 1460695212, 28403111, 29771467, 1390065771, 1813926556, 25642687, 557667045, 1459534072, 1301572067, 1474195488, 1817431690, 1807381939, 1866160694, 26060126, 571069109, 1425734908, 1908392914, 483937795, 28457938, 1388608731, 1819024549, 457640645, 539459622, 1464541600, 436667409, 462231369, 1862592546, 86375, 1810541836, 1374056689, 1444647610, 277822, 1872363942, 1318156992, 1380646702, 1363168477, 1899891256, 448184048, 31445772, 1841094864, 1405128273, 1374660757, 261557, 1829153932, 1440079854, 1495058484, 1380262830, 573615289, 1431866741, 1369602061, 4154790, 1454732243, 1396568325, 1430319727, 1830225972, 1860614598, 1416438318, 1385110734, 1887578339, 518904648, 1496828617, 1497588709, 1841243669, 441491828, 1320336229, 421203086, 406885489, 435288399, 1842329154, 431610330, 29803287, 29129889, 1882716480, 1815389717, 1458767558, 1856978623, 1483221816, 1903348570, 1475739400, 1314334768, 327089, 1492584510, 1891878263, 1413374583, 33599003, 1389090775, 523250334, 1356124253, 1415621951, 864498975, 38018486, 1942041775, 1400259397, 1462787373, 1423241987, 1366957080, 1890590098, 27906549, 433107499, 1401482684, 1436685819, 25639007, 1409343189, 1857630559, 1413585838, 407759201, 1834310426, 1339648907, 1489342321, 1878620183, 1397680923, 1885100923, 4873549, 27588486, 277759, 1886345442, 1432699677, 1888915574, 489302317, 1372762575, 1408220694, 1452869668, 1868943615, 1459935719, 28384788, 1353194608, 1346093159, 1807799505, 1475739401, 1388800785, 1449754092, 1304427659, 1449794966, 1887139866, 1363416523, 1833634254, 437802724, 573843002, 465921195, 1847975477, 29418037, 28157606, 519136840, 1404228691, 1370007645, 1811730373, 1844448537, 1432813851, 1842025914, 1469005999, 1812291447, 1407424616, 176062, 554244157, 30352891, 1408471216, 1848233480, 186833, 1842784921, 1455762284, 1336866134, 1425898259, 36587407, 1838204360, 1399112638, 565194929, 564879750, 1463365157, 1805088448, 1495767232, 1335590077, 432506367, 455543886, 1846489646, 1478419190, 37955044, 1361195373, 1426112587, 1496822949, 1467444619, 1877027589, 1500569811, 1436117704, 187417, 1399076843, 1430174791, 29004400, 1815394131, 1431880739, 1456908821, 1441897090, 571074019, 28481103, 32507039, 1365316121, 1813330721, 1343756008, 550133711, 30284674, 1389061858, 385965, 28563317, 574921549, 1382423403, 1403215687, 29759733, 572819430, 5231510, 862098671, 1442508316, 26116354, 453413861, 1450387662, 1435449062, 28836163, 1471735400, 30089063, 1847250546, 1836033745, 1460682363, 1336205537, 1373140736, 1947645901, 1867217766, 1827600686, 1357447444, 1406036590, 1907766514, 453268268, 1297742167, 385947, 32574252]"
7580171031,深夜emo歌单「心碎」「伤感」「孤独」,"很多东西都是在暗处生长的，你以为这里只是一块皮肉，实际上它结了一块痂；你以为草木枝头上的是霜花，其实那是它心里下的一场雪啊！
每首歌都有自己的故事
不能与你感同身受但我能做你的最佳听众.

感谢收听！
把你们的故事 文案留在评论区叭～
","['华语', '流行', '伤感', '伤感']","[2106355966, 2105435473, 2020080118, 1397345903, 2100375261, 2085408290, 2100329027, 1895330088, 1964850254, 2026224214, 488249475, 2050058466, 2018733994, 475479888, 2038202805, 1927693793, 1398283847, 2038535985, 2013290415, 2021543605, 2025186881, 2039992778, 2034881346, 1895385833, 2037202513, 1807799505, 1456890009, 1984475097, 436346833, 2021373243, 2021434589, 1968781675, 1851652156, 1482867143, 1907766514, 30612793, 1824045033, 1923184888, 1894094482, 1918576268, 1395222212, 1958031074, 2024035483, 1908049566, 36024806, 247936, 2026812798, 31654343, 1887139866, 2009519825, 1891469546, 1961990685, 2005574298, 167827, 1299550532, 1436081452, 2037756767, 1846565466, 1867217766, 1842025914, 1430583016, 1413142894, 1860614598, 1303027499, 1481164987, 1882041535, 1346104327, 65766, 1293886117, 1459950258, 1432968475, 1365393542, 1805088448, 1449678888, 1391891631, 1872024726, 1383927243, 254574, 1874158536, 29814898, 1405283464, 208902, 25727803, 558071673, 1489064589, 255589, 1336856777, 28059417, 1445761206, 1811459887, 550138197, 1456443773, 1356350562, 1811408619, 1495058484, 1363205817, 502043537, 1411358329, 1370047789, 513360721, 1340200924, 523250334, 386538, 518686034, 442869203, 28563317, 553755659, 493735012, 1443838552, 1435449062, 465921195, 1426649237, 1331819951, 1808492017, 1359356908, 1500569811, 1368754688, 441491828, 1846489646, 1330348068, 1403318151, 1827600686, 1426112587, 1844449888, 1477539203, 1842728629, 1406649619, 1463165983, 1878620183, 1849998058, 1868943615, 1871993457]"
4990908554,所以什么才是疲惫生活里的解药,"年少时
春风得意马蹄疾 不信人间有离别
后来才发现
我们已经和很多人见完了最后一面","['孤独', '流行', '伤感', '伤感']","[2034587234, 1959528822, 530057158, 2051936949, 27646205, 2013881759, 1922701695, 1481100356, 1821461697, 451701923, 2050391293, 508053433, 1296550421, 516358348, 31877481, 25714351, 1424766691, 2045089372, 1459935719, 493752015, 28427765, 435552313, 31877156, 432698965, 28341142, 2072249011, 2053617878, 441491828, 436346833, 36024442, 34125003, 1933496119, 36392025, 431259309, 1352548180, 2041974276, 1451191794, 1463165983, 1905004937, 2020321971, 502043537, 1417143120, 1807593000, 1845228200, 1842025914, 28427752, 1993398210, 520242509, 499673023, 1953853439, 25702216, 176039, 1831400466, 448144321, 512489617, 30967191, 430208582, 401723037, 506083906, 2026224214, 460514434, 464674406, 1968060180, 1898194086, 1979417838, 450222687, 65930, 362998, 66842, 25714352, 429482531, 531786037, 39224709, 2022874606, 2041799838, 28427771, 27867499, 1878632186, 464674405, 2044458041, 1955965797, 2008940480, 2100329027, 1900430023, 1501923633, 2007861279, 1938580175, 1912417370, 1950143719, 508319498, 26896044, 2005513586, 431855077, 28427764, 25727803, 1951069525, 1965892922, 1338391216, 1963443599, 2006356162, 1896178370, 32835565, 2003854756, 547812462, 1404906595, 1961033097, 1351615757, 533259686, 1960403857, 1960415949, 500665346, 1869728587, 1963754033, 1985221664, 1433049657, 1433047014, 1432716354, 1410647903, 1959667345, 1336205537, 488249475, 1807799505, 1368754688, 1876226709, 2049512697, 35476049, 1824045033, 1456890009, 2000381011, 1961454402, 865632948, 1892583113, 472141604, 1401919218, 494731329, 2075896544, 486194136, 1440876675, 1395801457, 1416172362, 1367609755, 1390256016, 1374056687, 1872768912, 402070928, 1374056689, 1443625095, 28892408, 543798652, 25657348, 2019562365, 1382411113, 1368123934, 33510814, 1423695212, 1374051000, 1313354324, 1475124792, 1405283464, 1478626435, 1500136911, 1446541217, 461858648, 467952048, 1301568521, 1431808890, 27955654, 479408221, 1300076307, 1910915738, 28310662, 1831459551, 1821828003, 1814162747, 1461419776, 1813226041, 1383759646, 1468270651, 1342633205, 1349381229, 1888465503, 1432178626, 1445267325, 1882041535, 1405144225, 1807381939, 1844957527, 1858139145, 1822712479, 1348548292, 1861640530, 1865236572, 1805371171, 1417862046, 1868943615, 28592088, 1415604776, 468517654, 1805077132, 1308818967, 419375250, 1806303555, 1441758494, 1373436644, 28892385, 1422883398, 1410612655, 1430531944, 1430444978, 417859631, 465921195, 1336088717, 550138197, 1453162682, 1480716273, 522943592, 1365393542, 1806953690, 1812673579, 1432968475, 1489064589, 1297750769, 1813926556, 1317542136, 1841569822, 1302090321, 1303019637, 1817702136, 1360892929, 32192436, 1497588501, 1356499052, 27808295, 1392141035, 1445239135, 1334327077, 1334295185, 1808492017, 28341146, 1416893023, 1441251006, 1439225937, 1357133629, 1498342485, 516076896, 1395852251, 1363205817, 1350693202, 1386259535, 1344897943, 516728102, 1459023707, 1335350269, 1306400549, 31445554, 1437251755, 1338211431, 487885426, 412911436, 31445772, 1365221826, 1383927243, 1346104327]"
7577858419,失恋emo歌单 | 只有你是我的解药,如果你不想浪费光阴的话，要么静下心来读点书，要么去赚点钱，这两点对我们的将来都很有用。,"['华语', '流行', '伤感', '伤感']","[2106355966, 1397345903, 2085408290, 2104333421, 2100329027, 2020080118, 1895330088, 2025186889, 2098991574, 488249475, 2100690771, 1488077114, 1927693793, 475479888, 2050058466, 1494283005, 2026224214, 2038202805, 2100703498, 1398283847, 1432632134, 1444086303, 2049529248, 1964850254, 2018733994, 2038535985, 1945316194, 2013290415, 2021543605, 2025186881, 2039992778, 2034881346, 1895385833, 2037202513, 1807799505, 1456890009, 1984475097, 436346833, 2021373243, 2021434589, 1968781675, 1851652156, 1482867143, 1907766514, 30612793, 1824045033, 1923184888, 1894094482, 1918576268, 1395222212, 1958031074, 2024035483, 1908049566, 36024806, 247936, 2026812798, 31654343, 1887139866, 2009519825, 1891469546, 1961990685, 2005574298, 167827, 1299550532, 1436081452, 2037756767, 1846565466, 1867217766, 1842025914, 1430583016, 1413142894, 1860614598, 1303027499, 1481164987, 1882041535, 1346104327, 65766, 1293886117, 1459950258, 1432968475, 1365393542, 1805088448, 1449678888, 1391891631, 1872024726, 1383927243, 254574, 1874158536, 29814898, 1405283464, 208902, 25727803, 558071673, 1489064589, 255589, 1336856777, 28059417, 1445761206, 1811459887, 550138197, 1456443773, 1356350562, 1811408619, 1495058484, 1363205817, 502043537, 1411358329, 1370047789, 513360721, 1340200924, 523250334, 386538, 518686034, 442869203, 28563317, 553755659, 493735012, 1443838552, 1435449062, 465921195, 1426649237, 1331819951, 1808492017, 1359356908, 1500569811, 1368754688, 441491828, 1846489646, 1330348068, 1403318151, 1827600686, 1426112587, 1844449888, 1477539203, 1842728629, 1406649619, 1463165983, 1878620183, 1849998058, 1868943615, 1871993457]"
5301726981,“回头看，轻舟已过万重山”,我快记不清你的样子了 就连声音也快要忘记了.,"['伤感', '思念', '孤独', '伤感']","[2091883532, 1398283847, 2090737947, 2091311582, 2075896544, 1471761548, 1406083061, 2041974276, 1426557520, 1371780785, 2010232946, 2018432856, 1951069525, 1992730463, 1973665667, 436346833, 1358202573, 1458966839, 553702717, 1867476351, 496370620, 441491828, 1851652156, 1907766514, 1895330088, 488249475, 1481164987, 501133800, 501133798, 417859631, 1374056689, 415792881, 1365393542, 1810351491, 559829400, 1886673679, 29713635, 1899079967, 1867964889, 1891469546, 1882041535, 1404699798, 1436910205, 1809760190, 1815313779, 1389874526, 1812225658, 1497799734, 1438865533, 1473792267, 1466319699, 1351615757, 1383876635, 1430583016, 1306857404, 1373225817, 1459023707, 1462400072, 1419457616, 1342544321, 1468908179, 1472269713, 1808466317, 1423527466]"
8794788216,在伤感或相爱的季节 重启0.8x,旧歌重听，就像旧事重提，想要挽回的时候先想清楚是分清是不甘，是遗憾，是愧疚，还是真的还爱着,"['流行', '伤感', '感动', '伤感']","[1995504053, 2019351846, 1953025186, 1959303514, 1961635454, 2019628591, 1972445487, 1963213974, 1983501304, 1955223133, 2003022911, 1987210747, 1947548156, 1973472589, 1998135910, 1969787759, 1956256056, 1986709123, 1986771025, 1947444886, 1959217061, 2000820134, 1972437641, 1970429579, 1432968475, 1945107544, 1948708162, 1919259483, 1988370717, 1969651986, 2001687595, 1968429904, 1956838188, 1989868461, 1947117305, 1989487495, 1958856851, 1973864157, 1963306203, 1971784753, 1939685534, 1972642758, 1960300439, 1979311146, 1973864158, 1993517689, 1970579780, 1930605629, 1868174069, 1952233909, 1961454402, 1955423798, 1971651762, 1939633377]"
2071874673,【纯音乐】樱花树下的约定、你离开的事实,"
什么是诺言啊
如果只是为了美好时刻而存在 　　
那么这就不叫诺言 　
　如今的诺言只是成了一种约束而已
长大了，不能再办过家家了。","['轻音乐', '孤独', '伤感', '伤感']","[543142326, 38018486, 552560922, 139774, 586299, 760058, 22712173, 406238, 454035505, 1384026889, 571665696, 493911, 1953828422, 16846088, 29999529, 1807317519, 1334363758, 1297742167, 464863017, 506650377, 1363763275, 26127161, 1883815843, 427606780, 28411784, 22707008, 439142564, 572182643, 20110049, 28907016, 421885589, 32717172, 509720124, 1314927168, 409649727, 533343413, 2014023810, 551029940, 537721600, 428391249, 5330747, 1836274365, 490991569, 29137872, 29816970, 36953764, 1943186, 5308003, 468176711, 410042763, 535517304, 410181618, 422428615, 25963097, 1853409751, 528284, 31134621, 32717166, 450245437, 412187263, 434902428, 535612106, 527354000, 512989806, 430685732, 453843751, 28283167, 857896, 357126, 419373060, 5308028, 1614370, 819664, 541131, 20744788, 3932159]"
1997120058,散场是难免的，尽兴而归就够了。,"你可以躲在被窝里哭，但你不能拿手机发不该发的消息，用绝对的理智压住心中的希望和难过，多想想他是怎么忍得住不找你的。

兜兜转转得不到的东西终究得不到，许多事从一开始就预感到了结局，往后所有的折腾都是在拖延时间。

zhong！","['翻唱', '伤感', '流行', '伤感']","[2079591971, 2006463040, 2078446410, 2056725340, 2052449144, 2013703020, 2007996028, 2032239272, 2004341510, 1918175668, 1998228172, 1915324015, 1973213591, 1904353894, 1854273174, 1928386237, 1960928972, 1953406270, 1902809514, 1929084612, 1922188870, 1973155357, 1831459326, 1929370181, 1929599925, 1925365347, 1831460111, 1880570104, 1922110840, 1913972470, 1864429429, 1804728691, 1855883745, 1474940840, 1854283348, 1865236572, 1840266194, 1894595742, 1862955785, 1886954345, 1814232966, 1831449585, 1831805166, 1874965189, 1830735254, 1864611469, 1846129386, 1499887316, 1845790032, 1833655645, 1834297339, 1815318925, 1813047869, 1813241264, 1811446744, 1808040215, 1807213821, 1499838725, 1431880739, 1477320048, 1468908179, 1403305909, 1387607611, 1422727081, 1482200390, 1430628817, 1466319568, 1395680329, 1447185292, 1431393883, 1423712898, 1431880021, 1471426105, 1469348415, 1445239135, 1459023076, 1430844122, 1463503505, 1463134838, 1449772332, 1423753681, 1459436775, 1435132254, 1453768614, 1451998522, 1430712577, 1449990499, 1405161871, 1430723979, 1437055350, 1388868911, 1421457004, 1438820072, 1434282010, 1418852960, 1407272623, 1374626245, 1395302566]"
964230606,写小说灵感爆发的纯音乐，睡觉/发呆/写作业,"有点小古风_(:з」∠)_谢谢你们的支持!非常感谢!
这里不要发广告
不要发广告
不要广告

封面儿『搜索微博@假酒烧』","['治愈', '安静', '伤感', '伤感']","[1804582069, 520242026, 503519084, 1409136605, 1874640263, 1887710382, 1939229149, 1423179573, 28699446, 1379958635, 410714365, 1426611455, 1461711022, 1498623137, 1410693583, 422428615, 428391249, 527957820, 498083657, 490991569, 29803287, 428391474, 25731432, 509720124, 495562302, 691506, 552560922, 441532, 4894309, 20113376, 1294425578, 1304960504, 496128297, 545185687, 535612106, 409654860, 527354000, 517953261, 494992638, 862732021, 571585964, 40257852, 434902428, 1366031349, 556284550, 539756674, 1368520349, 28921684, 139268, 482636850, 1312259903, 28100900, 532283672, 558261233, 1295750639, 540650665, 519286594, 492390949, 28287121, 535150155, 533343413, 429460241, 1298804351, 490994680, 498290392, 548206285, 479887385, 554308724, 34383032, 34779259, 567688074, 453843751, 443291232, 26524343, 556717614, 427015054, 410715433, 569962512, 555110156, 414706265, 503426999, 461074907, 517346741, 572182643, 427606780, 506650377, 451319227, 34779255, 31445474, 521317010, 528271318, 468176711, 528423473, 866032176]"
7566059773,失恋emo歌单 | 不能想象没有了你的未来,"我在黄昏写上一封书信 载着落日的余晖和银河的浪漫 寄给你 寄给温柔本身
开心时听歌，伤心处看词，感谢永远有歌，把心境道破
每首歌都有自己的故事
不能与你感同身受但我能做你的最佳听众.

把你们的故事 文案留在评论区叭～","['华语', '流行', '伤感', '伤感']","[2106355966, 2100375261, 2085408290, 1397345903, 2097531989, 1488077114, 2094817741, 2100329027, 2050058466, 2094995270, 1895330088, 2020080118, 2018733994, 2026224214, 2098991574, 488249475, 475479888, 2038202805, 1927693793, 436346833, 1945316194, 2021373243, 1456890009, 1432632134, 1807799505, 2039992778, 1964850254, 1398283847, 2038535985, 2013290415, 2021543605, 2025186881, 2034881346, 1895385833, 2037202513, 1984475097, 2021434589, 1968781675, 1851652156, 1482867143, 1907766514, 30612793, 1824045033, 1923184888, 1894094482, 1918576268, 1395222212, 1958031074, 2024035483, 1908049566, 36024806, 247936, 2026812798, 31654343, 1887139866, 2009519825, 1891469546, 1961990685, 2005574298, 167827, 1299550532, 1436081452, 2037756767, 1846565466, 1867217766, 1842025914, 1430583016, 1413142894, 1860614598, 1303027499, 1481164987, 1882041535, 1346104327, 65766, 1293886117, 1459950258, 1432968475, 1365393542, 1805088448, 1449678888, 1391891631, 1872024726, 1383927243, 254574, 1874158536, 29814898, 1405283464, 208902, 25727803, 558071673, 1489064589, 255589, 1336856777, 28059417, 1445761206, 1811459887, 550138197, 1456443773, 1356350562, 1811408619, 1495058484, 1363205817, 502043537, 1411358329, 1370047789, 513360721, 1340200924, 523250334, 386538, 518686034, 442869203, 28563317, 553755659, 493735012, 1443838552, 1435449062, 465921195, 1426649237, 1331819951, 1808492017, 1359356908, 1500569811, 1368754688, 441491828, 1846489646, 1330348068, 1403318151, 1827600686, 1426112587, 1844449888, 1477539203, 1842728629, 1406649619, 1463165983, 1878620183, 1849998058, 1868943615, 1871993457]"
4906262698,【高虐文写手】凌晨四点我看见海棠花未眠,除非黄土白骨，我守你百岁无忧——《十年一品温如言》,"['伤感', '思念', '古风', '伤感']","[1876764526, 1967498036, 1807811714, 29357087, 1430319727, 2062623445, 39443692, 1361789569, 1969873755, 1882417520, 1367452194, 33223036, 1936293937, 1973672897, 402073073, 29774430, 108478, 493093412, 1936090602, 1913763184, 1861380338, 1388800785, 1830448879, 1905058333, 1909975597, 1988255337, 1999713863, 1939217445, 448144321, 1974698351, 482395461, 1817431690, 1863492930, 1474430516, 1997201057, 1857060010, 1949089674, 2015047518, 1973129433, 1860012779, 1418176880, 1876751396, 27496031, 1476887585, 1335942780, 1899028763, 1971449282, 1486053663, 1963823226, 1931994283, 1957560926, 1982640357, 1911907981, 1841687389, 1311347661, 438204707, 1398663411, 1813842811, 28188382, 1457113272, 1297802566, 1811662859, 1465575275, 1342795626, 480579393, 1995162601, 1442857720, 1456673752, 1976967783, 2008726921, 1905408010, 1478357174, 1991065609, 1332153723, 1331819951, 2034521190, 553310243, 385781, 1810398395, 405597568, 1306496886, 526904841, 1459905452, 1403318151, 1909932701, 1833634254]"
8702531981,愿望不大 你在身边,一定要会卡吗 不能因为我有趣而 跟我继续聊下去么,"['伤感', '思念', '网络歌曲', '伤感']","[2031796212, 2039295463, 1454479718, 2073180552, 1442120421, 1994057212, 2097826775, 2088483582, 2093298773, 2070120130, 2097819063, 2098450721, 2087689170, 2088525355, 2029751319, 2082718581, 2091387740, 2062743987, 2096818090, 2096478304, 2087707551, 2092003297, 2096426833, 2095289904, 2010586461, 1901760144, 2077049746, 2075580420, 2086764666, 2092385506, 2076921536, 2087708482, 2077078350, 2081323083, 2075210952, 2087186400, 2022130836, 2062084809, 2058443272, 2062025506, 2011343263, 2053634610, 2012939831, 1975754332, 2059627877, 2070582828, 2060939924, 1450328749, 2091504899, 2088075998, 2085088669, 2084601511, 2084530075, 2088288271, 2088148451, 2085513765, 2089091822, 2092573681, 2094777467, 2093178120, 2093041596, 2084322581, 2056932631, 2007335651, 2000524495, 2002993828, 2050942771, 2055804031, 2058687825, 2087419694, 2090038973, 2089563058, 2006005942, 2091023519, 2088241169, 2087596973, 2080962935, 2052649797, 2007323282, 2061299384, 2042945992, 2087245533, 2007034377, 2073023781, 2073388488, 2082103201, 2087681121, 2072401082, 2071162647, 2084182771, 2088017835, 2083483873, 2083483902, 2079467348, 2079418207, 2084693373, 2085148059, 2086887757, 2086492179, 2071178785, 2084865063, 2084698874, 2084988865, 2084993742, 2010585896, 2033527931, 2066495432, 2063921466, 2059970673, 2061315117, 2070529469, 1992624032, 2070660736, 2063846569, 2005782864, 2010957326, 2001377147, 2029245609, 1996871410, 1942348428, 1918451150, 2010395817, 2056299807, 2044162349, 2065073354, 2066978597, 2063517932, 2061649222, 2060464904, 2068633237, 2046805100, 2042397881, 2058318474, 2075110948, 2071398074, 2072778566, 2065692733, 2068121913, 2068165972, 2068992655, 2069235187, 2066314150, 2066251229, 2065357862, 2062203499, 2060943886, 2066390210, 2062550792, 2047345106, 2061426646, 2043565444, 1957017424, 2007644398, 2059757436, 2059758051, 2058951322, 2059741353, 1898026426, 2069582678, 2078053391, 2011330321, 2062317867, 2022086696, 2047688588, 2061256566, 2061025265, 2084344552, 2070388060, 2060361863, 2058794454, 2062981476, 2062225493]"
7454128269,深夜emo歌单「孤独」「心碎」「失落」,不是井里没有水，而是挖的不够深；不是成功来得满，而是放弃速度够快。得到一件东西需要智慧，放弃一样东西则需要勇气。,"['华语', '流行', '伤感', '伤感']","[2106355966, 1397345903, 2020080118, 2100375261, 488249475, 2050058466, 2100329027, 1927693793, 2085408290, 475479888, 1895330088, 1488077114, 2018733994, 2025186881, 2098991574, 1456890009, 2021373243, 2038202805, 2021434589, 436346833, 1432632134, 2026224214, 2013290415, 1964850254, 1398283847, 1984475097, 2034881346, 2038535985, 2021543605, 2039992778, 1895385833, 2037202513, 1807799505, 1968781675, 1851652156, 1482867143, 1907766514, 30612793, 1824045033, 1923184888, 1894094482, 1918576268, 1395222212, 1958031074, 2024035483, 1908049566, 36024806, 247936, 2026812798, 31654343, 1887139866, 2009519825, 1891469546, 1961990685, 2005574298, 167827, 1299550532, 1436081452, 2037756767, 1846565466, 1867217766, 1842025914, 1430583016, 1413142894, 1860614598, 1303027499, 1481164987, 1882041535, 1346104327, 65766, 1293886117, 1459950258, 1432968475, 1365393542, 1805088448, 1449678888, 1391891631, 1872024726, 1383927243, 254574, 1874158536, 29814898, 1405283464, 208902, 25727803, 558071673, 1489064589, 255589, 1336856777, 28059417, 1445761206, 1811459887, 550138197, 1456443773, 1356350562, 1811408619, 1495058484, 1363205817, 502043537, 1411358329, 1370047789, 513360721, 1340200924, 523250334, 386538, 518686034, 442869203, 28563317, 553755659, 493735012, 1443838552, 1435449062, 465921195, 1426649237, 1331819951, 1808492017, 1359356908, 1500569811, 1368754688, 441491828, 1846489646, 1330348068, 1403318151, 1827600686, 1426112587, 1844449888, 1477539203, 1842728629, 1406649619, 1463165983, 1878620183, 1849998058, 1868943615, 1871993457]"
