8864637017,遇见你就好 | 即使不能在一起,"久听不讨厌，你爱的歌 ，值得反复聆听，
热门情歌，收藏你的最爱歌，经典新老歌曲，
每一首歌有你的故事，希望你们，收藏起来!
歌单制作；新疆RaZeL哥
封面来源；网络
歌单更新；每日更新
请注意; 歌单不要模仿
歌单；2023.11.16创建
​勿侵；欢迎收藏，关注 ！","['华语', '流行', '孤独', '孤独']","[2071935674, 1884223462, 2095836039, 1866465476, 1366053680, 1454670699, 1996256615, 2039992778, 1412475856, 2012468713, 1494734608, 518895664, 27694142, 1996909642, 150389, 1953837282, 450222687, 2056207547, 2058879980, 1918615133, 326753, 1368754688, 1942043004, 1944900275, 1887139866, 1937155209, 443292045, 29246273, 1374957056, 35625825, 562594319, 1336088211, 28256943, 1451713322, 110306, 86283, 536483221, 41663362, 39443454, 32192436, 28892111, 1345820742, 1359758793, 1805088448, 33556491, 1864887870, 4872535, 513686001, 566436427, 428203460, 27591608, 36668711, 316159, 526652386, 1472921626, 509932349, 316108, 25657354, 254151, 1366216050, 30612793, 1351343058, 1345827147]"
25787308,悲壮·史诗·希望之音,"精心收集了一系列震撼人心的史诗音乐

封面出处：专辑Age Of The Fallen","['感动', '孤独', '孤独']","[36587574, 35437589, 33682225, 28283137, 31654455, 28285770, 1426503, 32507747, 35435055, 28768539, 27756683, 29819836, 471969183, 29734857, 26664325, 34916752, 31830769, 409931420, 28002604, 522416925, 35726449, 29577229, 36924524, 34152209, 28458415, 32317384, 34200312, 36871004, 33255870, 36668622, 33682155, 34690643, 29577778, 34749423, 29577774, 35726457, 33497726, 28661550, 34749352, 29577234, 29577775, 29103339, 33705493, 34749558, 32835859, 32977502, 1610848, 32977506, 34916769, 27574625, 33479504, 33682157, 32364143, 29103341, 5083727, 32364155, 1765643, 28263314, 5042825, 26211091, 29751207, 29045499, 4010876, 29819842, 29819841, 32102946, 30284103, 28635212, 28841870, 26374533, 29819840, 29844835, 29819839, 2060323, 4014000, 28391612, 30284285, 28661549, 28949242, 27969824, 26902557, 1942433, 27160516, 26902566, 1355099, 28949390, 1942399, 1354100, 4435703, 27574636, 26902555, 29460377, 27574655, 3934578, 28283155, 4054121, 29844298, 1783906, 1942374, 28188764, 4437853, 4377921, 2112308, 3935139, 28283166, 4017240, 4377969, 3935239]"
7124475524,东欧后朋克｜Post Punk,"我觉得我和你有共同的爱好（东欧后朋克），
所以，这张歌单里的歌你也会喜欢~","['伤感', '孤独', '孤独']","[1901929565, 1321323382, 2096498406, 1927320170, 2082242920, 1976643788, 1972521496, 1976637617, 2016450034, 1919087772, 2057607726, 2067994966, 1899523101, 2056867529, 2050297287, 2046963788, 2043885365, 2043885366, 2043885910, 2043093977, 2043092416, 2042386504, 1939545501, 1909561857, 1905096353, 2014489815, 1421191051, 2030997850, 2030996849, 2017142423, 1985461578, 2017651375, 2016069952, 2011643799, 1875417701, 1413487059, 1413487052, 1473057199, 1378176910, 1997417853, 1997483295, 1997450383, 1978349814, 1978350668, 1978345356, 1905095407, 1872918133, 1874421748, 1481276337, 1967648929, 1978347118, 1380908553, 1380909505, 1982737461, 1978599535, 1978599536, 1978600073, 1978599537, 1978599538, 1978599539, 1978600072, 1978599534, 1978599533, 1806615040, 1975283569, 1931051267, 1848778679, 1296522420, 1967322787, 1953053554, 1956774426, 1956774425, 1901935881, 1914043954, 1386634608, 1459650128, 1947957510, 1947920399, 1939975646, 558554753, 1375888961, 558162592, 1872241452, 1948634665, 1296522421, 1806621124, 1861255248, 1861255247, 1948140971, 1861255245, 1861255246, 1872088393, 1488443782, 1879779483, 1914873938, 1386634609, 1850110714, 1496199599, 1877401639, 1852671944, 1832829061, 1473274368, 1473274364, 1296523340, 1386636712, 1386636711, 1386636710, 1806938820, 1861258160, 1871016892, 1871015194, 1895503820, 1842673855, 484613451, 1932766889, 1932766885, 1932768760, 1322883845, 1872088394, 1485708490, 1815825844, 1932768758, 1932766883, 1386634607, 1399706689, 1806231349, 1905096358, 1473274093, 1897238892, 1806938821, 1386634606, 1859285088, 1836364746, 1319257882, 1438677519, 546490408, 546521021, 1405833548, 1405833550, 1405833546, 1488443784, 1488443781, 1488444137, 1912816852, 1311053681, 558554756, 1421512874, 1485591053, 1473197372, 1473057198, 1473057201, 1413487051, 1388407745, 1413481292, 1485590149, 1397480539, 1449304045, 1421516219, 2066692570, 1485591058, 1413487056, 3043401, 3043403, 1435759149, 1420631830, 1296523343, 1296522417, 513459669, 1296522419, 558556151, 1321323381, 1324244054, 1321329038, 561989887, 561989886, 561989885, 561990592, 1838782104, 1298692397, 1298249542, 1472133161, 1811314694, 1811314693, 4195063, 4195066, 4195054, 30355928, 28004321, 26909015, 26909014, 26909013, 26909012, 26909011, 26909010, 26909009, 26909008, 27416612, 1419409354, 27341763, 27341766, 27341765, 27341764, 27341767, 1806626658, 1806621414, 1390801065, 1810052089, 1810052088, 1810052087, 1810052081, 1810052097, 3943654, 3943648, 3943635, 3943630, 3943626, 1473057200, 1413487058, 1413481282, 1413481281, 1413481293, 1413487053, 1413487049, 1413481295, 1413481294, 1413487057, 531506253, 1452632757]"
2648274175,禅韵禅境.桑吉平措,又是一年春有百花，在这花儿绽放的季节，让我们敞开心扉，容入自然吧！桑吉平措全新两部曲----《禅韵》《禅境》首度袭来！一段段美丽的景象映入心境。震撼耳畔直入你的内心世界。“好来好往好聚首”，一切都是那样和睦与温暖。《禅韵》一首上世纪初就流传于民间的唯美小调，一首世界华人都可以回忆的黄梅小调。再一次让我们心连在一起。和在一起。《禅韵》“苦尽甘来人自省，平平淡淡悟一生”人生就是这样日复一日的去淡淡生活。让我们继续淡淡的感悟人生的放下。前半部分是无门禅师的绝世佳作流传千古，后一段则由桑吉平措感悟巧妙填词，浑然一体的与古人相应，融入当今我们对待人生的参悟与放下。“菩提本无树，明镜亦非台，本来无一物，何处惹尘埃”这句六祖慧能大师留给后人的经典偈语，《禅境》，在今天看来，更加不胜感恩一代祖师寄予后人的智慧宝藏，希望桑吉平措自然纯真的演绎唤起本有的自在与喜悦。,"['轻音乐', '伤感', '孤独', '孤独']","[405987466, 405987465, 405987471, 150175, 405987469, 468517121, 428391586, 468513159, 28190541, 405987476, 405987463, 405987462, 405987468, 405987480, 405987461, 406070459, 428390698, 482115841, 406070455, 406070458, 478029297, 467953442, 405987475, 405987460, 428390700, 405987470, 431791059, 405987464, 406000408, 424264965, 428390699, 436668547, 428391778, 405987483, 406070440, 406070442, 406000409, 862161343, 406070441, 405987481, 405987459, 405987482, 405987478, 406070447, 406070446, 406000410, 405987467, 406070443, 405987477, 405987479, 406070457, 1336786188, 406000418, 865013631, 406070456, 406070460, 26581132, 1330057478, 26581133, 26581131, 26581130, 574911460, 863795882, 1297684129, 1295989400, 863796091, 1295988445]"
172595349,有没有一句歌词直戳内心,"岁月不能总回首跟你也不能共白头《来日方长》
你是我，无数个没有梦的黄昏《我本人》
想牵你的手从暮色到白头不放手 不回头 一直走 到最后洪荒尽头 亦不再停留《百年不合》
我等过光阴我也等过你《等风也等你》
弃之可惜 食而无味。《暧昧》
年华美丽 盛开如诗.想对你说
好歹爱一场 退出也该有个姿态。 《不过沧海》
奈何思念比恨更顽强《空心 》
思念很多 卻不承認想過《未知伴侣》
只要你敢不懦弱，凭什么我们要错过《你就不要想起我 》
如果各自安好，就应该放掉《再见 你好》
一生无非几个欢笑悲哀和爱你的女孩
《自拍》
一次次失去又重来 我没离开，陪伴是 最长情的告白。 《陪你度过漫长岁月》
什么都可以错，别再错过我
《请跟我联络》
没关系你也不用给我机会，反正我还有一生可以浪费。 《浪费》
如果你也听说 有没有想过我《如果你也听说》
我们之间留了太多空白格《空白格》
我唱破喉咙想驱走寂寞滋味，试著喝醉痲痹所有感觉《胡闹》
站在时间尽头 再回首 世界如此温柔《最后的旅行》
谁的一见钟情不刻骨铭心，谁能任性不认命《偶阵雨》
一次就好我带你去看天荒地老《一次就好》
得不到的永远在骚动，被偏爱的 都有恃无恐《红玫瑰》
你陪着我的时候想着她，你听不见我的心在喧哗。《陪着我的时候想着她》
我却得到你，安慰的淘汰《淘汰》
风吹凉 一杯茶，夕阳跑赢了老马《放下》
走不完的长巷 原来也就那么长，跑不完的操场 原来小成这样《心酸》
原来你是我最想留住的幸运，原来我们和爱情曾经靠得那么近《小幸运》
你泛起山川，碧波里的不是我《慕容雪》
可惜最后他不在我身边《可惜》
不需要借口，爱淡了就放手《其实》
爱本是泡沫 如果能够看破 有什么难过《泡沫》
请告诉她 我不爱她，恨总比爱容易放《我还想她》
留下痕迹只剩寂寞《一个人》
我承认了我需要你，选择友谊是对爱情的逃避《承认》
你白发苍苍 说带我流浪《你还要我怎样》。
以为爱有那么一点机会，败给回忆 败给了你。《败将》
奶奶的手帕 藏着给你的糖 《朋友请听好》。","['华语', '伤感', '孤独', '孤独']","[2105781744, 2063487880, 1914722136, 2045332345, 2041099125, 1974443814, 1806926690, 2009519825, 1906298903, 1932572890, 1997438791, 1979274315, 865632948, 475479888, 1807799505, 1971912772, 247936, 1973067211, 1334270729, 65800, 1368754688, 1824045033, 1474411443, 109125, 1901371647, 1445761206, 208891, 483937795, 1896102097, 1891469546, 1895330088, 66842, 1885427474, 1430319727, 1887917182, 30953009, 1844448537, 1878620183, 1423241987, 1886371886, 490595927, 1497588709, 1872857398, 1498646314, 465921195, 1877996649, 1864604336, 1869508067, 488249475, 1846489646, 1842025914, 1842728629, 1828026086, 1868874994, 1842801269, 1308818967, 1832381575, 1824025894, 1866804483, 1441758494, 1807537867, 1443838552, 407450223, 1410815174, 1472945318, 1425626819, 1442508316, 1330348068, 32835565, 1440176366, 1434057772, 1365898499, 527601001, 1400256289, 1823909341, 1407389699, 1470483928, 29004400, 1413142894, 1457267646, 1401482684, 254574, 254191, 1406642934, 1414157538, 1370047789, 353066, 1380262830, 254485, 65766, 208958, 526464293, 316686, 1411718813, 1383876635, 133998, 441491828, 1315169726, 1400047314, 1415829224, 1383927243, 1404906595, 479598964, 1365393542, 480426313, 1348568908, 1404885266, 25718007, 1398663411, 1315718569, 108136, 517446139, 287063, 1422992245, 548556869, 407840732, 1413200622, 306664, 1374051000, 306662, 1368327462, 1417751115, 1356353232, 863340075, 493735012, 517642609, 1336856864, 1363078221, 1412242872, 1413340058, 1368636405, 1385856956, 28406532, 276995, 27483201, 306640, 30569181, 285321, 1322600749, 1317729847, 167912, 28850411, 431791310, 25727803, 523228351, 571464961, 1346104327, 25706282, 409060879, 34468262, 559260855, 31877610, 1299682848, 505993560, 509894535, 205320, 1297794795, 863430978, 1336856449, 1319764181, 558457138, 1337618049, 1323106961, 520193530, 517643269, 518297244, 502912943, 502797556, 1316921651, 531695327, 29897546, 1307010008, 485054631, 484789926, 405253305, 533105985, 108827, 538175146, 1321392802, 461297674, 482652650, 489215708, 863109097, 1321518222, 461080452, 573215882, 509108323, 864592962, 1318933384, 1318235595, 34045407, 555824954, 455267037, 441120217, 1299024959, 553755659, 1314154490, 1314385613, 572729968, 1304663171, 441618579, 463425497, 1309559325, 1293886117, 1306496592, 108138, 27808295, 864625915, 554559537, 407444039, 208942, 1306857404, 550716241, 419373997, 534735460, 500613058, 1296423755, 507502138, 1866350371, 478650261, 31877515, 864100348, 423776423, 32639452, 488707358, 516684924, 1294910785, 1294899029, 471968367, 468800755, 35625825, 470759757, 571340283, 452467692, 1453967847, 412319592, 423015580, 863709049, 412175360, 574921549, 520477279, 516318184, 479850552, 446512502, 534385863, 424496748, 448428493, 32408774, 1490251351, 569200285, 547971012, 573509207, 570388261, 569214126, 571338279, 471580756, 287280, 545592301, 326699, 508083236, 240147, 425570214, 505818831, 554242155, 427016671, 1421806452, 40249612, 562594264, 421423808, 28724360, 435996826, 33241356, 456167520, 434659455, 534542079, 1420766013, 411754216, 504042391, 557581967, 36080714, 5239275, 409650012, 444267840, 554241732, 557581095, 476659144, 526464145, 28661071, 441138583, 554637552, 478229656, 504924216, 551816010, 41641585, 465920701, 1492792890, 512727331, 547374411, 440353151, 417596830, 546724668, 506942692, 502019861, 31673227, 490106148, 507014930, 28968070, 493093412, 448518236, 436675374, 514761125, 35678877, 504826080, 33911725, 546723152, 28283344, 486391590, 514774335, 434070767, 455979087, 510884420, 521482952, 36894153, 543987987, 538628834, 35566793, 484060983, 443643902, 437755447, 446581118, 476630808, 36894384, 514052852, 34916134, 503047809, 481194813, 445505374, 486252038, 449859550, 514761281, 31877644, 1454429878, 487587203, 525238891, 472139013, 466003537, 421563711, 167858, 453524387, 421563717, 423104390, 436346833, 493316158, 526116066, 442869203, 509530857, 452608431, 474260449, 520277152, 326719, 523658620, 463267450, 29850685, 450567505, 30635613, 432430918, 420400344, 524149319, 513360721, 520460013, 531051917, 465197585, 33856900, 32432532, 525278524, 528545459, 41660129, 431795226, 528271077, 526470574, 41634014, 410181337, 406070732, 520458481, 502043537, 522510615, 480783619, 516228011, 512365425, 518067564, 515796411, 521418512, 30284674, 519136840, 505451285, 518077051, 424264505, 35625818, 516657051, 404465542, 509932349, 448859279, 510964485, 424496769, 420401511, 407435011, 34125772, 513357062, 430787597, 497112820, 479370549, 491787693, 475581506, 445816681, 498040739, 411988502, 427606933, 439625244, 31445772, 465921643, 41664255, 455496262, 453927771, 474567044, 28285910, 471385043, 448707059, 29759733, 468517654, 434550872, 35403523, 407002483, 435288312, 326904, 40249713, 421423806, 38392240, 35528482, 28563317, 28285912, 191670, 29710882, 70447, 421203086, 108269, 1456691371, 27890306, 65538, 27955654, 169142, 435289325, 64093, 432509483, 27955653, 31134193, 329371, 27955656, 169137, 28283346, 65528, 191504, 33544375, 108493, 36668004, 31877581, 205342, 5260494, 402070928, 108242, 1866185395, 108806, 1432482109]"
6911923856,怪核 梦核 非传统怪核 weirdcore,“人群的热闹只会让我逃离，郊区的造纸厂，老城区的保育院，那是我的精神梦乡。” “陌生，却很安心。”「我喜欢这里」 收录了部分非传统怪核曲，实验/盯鞋有，trance有，产生梦幻感&世纪初感居多，微恐注意⚠️,"['孤独', '孤独']","[1464889991, 1464893435, 1441498700, 2016901059, 2007591095, 2007590415, 2007270456, 2005520353, 558909447, 1465415761, 1465411760, 1465415762, 1465415764, 1465411762, 1465415766, 1465415768, 1465415770, 1465415771, 1465411763, 1465411764, 1465415773, 1465415774, 1465415775, 1465411765, 1465411766, 1465415772, 1465415776, 1465415777, 1465415778, 1465411767, 2094824788, 1978411931, 5177220, 862368022, 5241565, 1464389926, 862367235, 448741213, 1465182299, 26364308, 1465415763, 26364301, 2095151, 4279173, 480427219, 1440690595, 26364303, 1365922591, 1930881769, 27483063, 1870301751, 5217820, 5217814, 519941226, 1411594141, 1862418210, 493735090, 1890137614, 480426232, 1813036755, 1416744276, 412175692, 1334363758, 571338636, 448917124, 521417806, 574601278, 574600470, 574600469, 41644082, 1925004306, 1925005106, 1862522425, 1899650089, 1875728119, 1881753873, 1347846096, 574601276, 862367234, 1870301734, 1870301725, 1307183196, 1341571968, 489770013, 1484861101, 557279971, 557279968, 862368021, 428387376, 1474047996, 1340958535, 1407190854, 1340958534, 18860383, 1468092901, 1355147165, 480426221, 22948048, 524150474, 1814315975, 772424, 447280047, 4101177, 29729009, 1467148912, 1841350828, 1496902184, 424995410, 1840904855, 1462889696, 447280048, 447279049, 447279048, 450048316, 1821458738, 524150476, 447280051]"
7022370295,夜半emo情绪说唱,,"['华语', '说唱', '孤独', '孤独']","[2041974276, 2072725456, 2045117743, 2070157008, 1971943409, 2063845448, 2066280116, 1827600686, 1851652156, 1423212003, 1902905887, 1360493223, 475148347, 475146872, 863244058, 458996006, 565794655, 1359548601, 1453243808, 553817982, 1465609757, 1453639261, 1451826146, 1307591526, 1470170093, 574808875, 865945742, 1415654512, 1852665376, 1814181722, 1885323015, 1885151322, 1409211182, 468585482, 1349051673, 413074253, 1404596472, 1359554406, 462769331, 1382592787, 1326345574, 1356322638, 1465948772, 1351560886, 1449416554, 1389865597, 1452979629, 1818153740, 1386038739, 1449416890, 1456659704, 1818581946, 1387600215, 1421789705, 1405888465, 1465310744, 1806340649, 533259686, 1396141677, 1310728498, 1432632134, 1339420560, 1474157584]"
8872049381,0.8x/0.9x 你想抓住美好 可你却从来不奔赴.,现在他一身烟味 两眼无光 满脸憔悴 我有点心疼他 想伸手安慰他 却摸到冰冷的镜子.,"['孤独', '00后', '夜晚', '孤独']","[1960185159, 1938862336, 1970514859, 1952870374, 1955223133, 1930678485, 2065371320, 1956161771, 1970539602, 1983501304, 1991881561, 1979318019, 2078883276, 1955703364, 1958825391, 1986771025, 2020290667, 1959207180, 1963213974, 1968429904, 1810299649, 1970324585, 1961454402, 1931434579, 1406175700]"
8884977872,输给时间败给距离很俗也很真实、,先解决心情 再解决事情 人要拿的起也要放得下`,"['夜晚', '治愈', '孤独', '孤独']","[2102598589, 469391964, 2071935674, 60271, 1894549647, 346075, 2083511191, 1400283207, 1354533452, 1359357928, 1451713322, 2097531989, 1934238532, 2080177724, 2093624711, 1811178061, 545413103, 66842, 27646205, 1363553440, 1820129657, 1490355311, 1358848433, 1371780785, 1933158095, 1821804731, 2027261669, 534542079, 28059417, 1978706347, 1491729600, 1947062488, 2035145703, 2009782548, 2066138214, 1992338319]"
8573964939,我反复听你最爱的歌.,你幸福 的话 我也就无遗憾咯 祝你快乐 祝你幸福,"['流行', '伤感', '孤独', '孤独']","[2021363085, 2031796212, 2073180552, 26387325, 1450396701, 1901628234, 1442120421, 2014773336, 1454479718, 2026043794, 1447197941, 1969841316, 1960170435, 1873577252, 2004529768, 1497779613, 1993525055, 1412744709, 1994057212, 2002979754, 1439219762, 1873518697, 1975282593, 1445767376, 1971920983, 1969823070, 1941442140, 1492958826, 1969841968, 1969823206, 1938304218, 1964744004, 247936, 1969841315, 1990143903, 1984267907, 2015047009, 1956810237, 1973308404, 509781655, 1972642758, 2039157171, 2019584545, 307389, 1959009343, 2012939831, 1928483728, 1982285682, 1896491021, 1942691124, 1997030295, 1969822728, 440207932, 2018733994, 1829058639, 1995595671, 1957467794, 1960672246, 2019547267, 2022421643, 1987550202, 2011341595, 1941826185, 2002113086, 2014562020, 2006005942, 1957319174, 1984264060, 1957292165, 1956030061, 1995052279, 2014364579, 2002391682, 1922268513, 2012423819, 1955376578, 1962788571, 1994286709, 92280, 1980295875, 1958405457, 1997209340, 1904205289, 4872534, 1869763495, 1986420692, 2002993880, 2018733375, 1996280100, 1989487495, 1918013068, 1966187440, 1965902593, 1982778831, 1959191280, 287173, 1954332229, 1958745079, 1943675085, 1961751761, 1940871142, 1939409228, 1908304315, 1997559337, 1915336641, 1961642944, 2004406070, 1490575172, 1949491431, 1961016999, 1973368655, 1988034342, 1972437641, 1917342027, 1454670699, 1964634613, 1958119516, 1999706276, 1958121913, 1956171974, 441491828, 1918878568, 1960767193, 1937372851, 1844931447, 1351520344, 2059739330, 4874469, 1948191368, 1945704000, 2000333037, 1936250153, 1949737890, 1998135910, 1931616546, 1439739102, 1958418181, 185782, 1878146521, 1994543172, 1920606151, 1975695478, 2008702734, 1879005664, 1995071424, 2042945992]"
8807346527,欢 迎 收 听 白 夜 市 新 闻 联 播,"请记住，白夜 市会永远让你。理得。。心。安。
白夜 市。不存 在北 关区 。 。
不存在四号商场（北区。）。
四号商 场。禁止 圢車。
所有的门都是好的，不存在重重关上的情况
t.xbzncy@jhlzc非客观存在。
[guang/！&＃告日寸间：四号商场北区正式开放。欢迎广大市民前往中心购物——]
【滋滋滋——滋滋滋滋滋——————】
怖い怖い怖い怖い怖い怖い怖い怖い怖い怖い怖い怖い怖い怖い怖い怖い怖い怖い怖い怖い怖い怖い怖い怖い怖い怖い怖い怖い怖い怖い怖い怖い怖い怖い怖い怖い怖い怖い怖い怖い怖い怖い怖い怖い怖い怖い怖い怖い怖い怖い怖い怖い怖い怖い怖い怖い怖い怖い怖い怖い怖い怖い怖い怖い怖い怖い怖い怖い怖い怖い怖い怖い怖い怖い怖い怖い怖い怖い怖い怖い怖い怖い怖い怖い怖い怖い怖い怖い怖い怖い
████████████████████████████████████████████████████████████████████████████████████████████████████████████████████████████████████████████████████████████████████████████████████
我的电话是███-███████，qing…记住，常联系。","['另类/独立', '孤独', '孤独']","[2030178882, 1410923295, 1895483214, 1854529858, 1912774212, 1301449816, 519820694, 1842087137, 2011688424, 2048061340, 28354633, 1396882341, 1976319645, 1808235517, 1334380163, 4010198, 865764776, 1867023326, 4010187, 1468092901, 1392287740, 28097018, 27850006, 1300198168, 412175692, 1872223336, 33233921]"
8796026948,『0.8x』夕阳无限好|天色已黄昏,"应该怎么爱 可惜书里从未记载
感情是用来浏览 还是用来珍藏","['安静', '孤独', '伤感', '孤独']","[1963213974, 1955039633, 1970539602, 2020290667, 1944802405, 1996617385, 1955286780, 1946234096, 1993517689, 1954223039, 1955223133, 1971490891, 1956171974, 1972445487, 1968429904, 1958856851, 1970324585, 1955464015, 1960170435, 1966212898, 1938862336, 1927049477, 1955423798, 1955029675, 1925574040, 1993916268, 1918286448, 1966463160, 1984618685, 1955204537, 1959225989, 1999878178, 1954924353, 2005068219, 1957560926, 1955028561, 1949856389, 1952086849, 1994566059, 1941362417, 1974220757, 1959234814, 1936616271, 1957492947, 1959152626, 1990116104, 1959303514, 1940359218, 1975753397, 1939878025, 1970659836, 2000820134, 1958934349, 1924794277, 1956810237, 1997559337, 1996312116, 2006835449, 1952535032, 1959388358, 1973694058, 1942334136, 1971651539, 1954500571, 1980273066, 1947444886, 1942845694, 1909326368]"
8270583482,这些年很火的伤感中文歌[持续更新ing],我上了那么多年学，熬了那么多夜，做那么多习题，顶着各种各样的压力，参加各种残酷的考试，谈恋爱，分手，工作，加班。我这么辛苦，竟然是为了成为一个普通人......,"['流行', '伤感', '孤独', '孤独']","[1380075991, 86360, 2026224214, 2012147291, 26045015, 471385043, 109714, 2031414209, 1953028750, 31877077, 1297742551, 25718007, 2031987807, 31877244, 287063, 1368327462, 25639007, 1897456654, 2030766928, 1954420092, 551816010, 465921195, 1371780785, 1336789771, 2021437867, 536099160, 2012726202, 27731339, 1953017440, 208891, 34179904, 2016688503, 1499892134, 27808044, 1359356908, 165026, 488249475, 1413142894, 108468, 1824090589, 523251118, 287398, 1377558035, 1964510434, 441491828, 2021373243, 1846489646, 327068, 423406145, 72394, 1898044638, 1376166020, 864647841, 1370047789, 1349292048, 1974443814, 1430583016, 1345848098, 28403111, 1303289043, 1398663411, 1897376082, 2010357876, 482386133, 1485009560, 29713754, 28563317, 1456890009, 553310243, 32619064, 167873, 167870, 483671599, 534542079, 191278, 533259686, 1807799505, 1895997028, 1459950258, 29534637, 35447132, 1837047399, 1454242523, 475479888, 1410647903, 1897678158, 1396568325, 526464293, 2012726027, 1934251776, 26418130, 1897439735, 34852348, 1804248044, 347597, 513791211, 1462400183, 349892, 1443937011, 167827, 1819703536, 518725853, 1929311293, 175072, 1829240530, 27678655, 1833106566, 1365221826, 518781004, 1865573010, 1294924781, 531295576, 60394, 1824045033, 1897428578, 355992, 1895426424, 132975, 1393659632, 307606, 165339, 1898038197, 174944, 1897685807, 108463, 165361, 1453118021, 1924259859, 26145112, 157288, 346576, 1958150862, 26620756, 85580, 516657051, 193535, 347230, 29710981, 415792881, 554191055, 86943, 563069979, 167655, 486218073, 1407551413, 114024, 346073, 569200213, 480580003, 490595323, 1474411443, 60012, 32192436, 35476049, 518686034, 27955653, 92791, 191187, 108493, 1851652156, 523250334, 1443838552, 514761281, 1381755293, 496370620, 85571, 512359195, 1811408619, 1923458630, 1354504985, 1824408437, 1887917182, 519913462, 1827600686, 1403318151, 1479254715, 1441758494, 1497588709, 32507038, 1463165983, 1426649237, 1442508316, 558071673, 442314990, 405599470, 1425896565, 1460682363, 1453086724, 1449990499, 407450223, 1445761206, 1423241987, 1413585838, 1420075778, 1436709403, 316686, 410654865, 1377748865, 32835565, 493735012, 28059417, 476659144, 25727803, 513360721, 1376142151, 536622304, 554241732, 1363205817, 1336856777, 1365898499, 208902, 1404885266, 1357999894, 28285910, 1313354324, 452986458, 1293886117, 557583281]"
316633398,【欧美】那些经常听到却不知道名字的歌,"Yesterday Once More
昨日重现

When I was young I'd listen to the radio
当我还年轻的时候就喜欢收听电台广播

Waiting for my favorite songs
等我最喜爱的歌

When they played I'd sing along it made me smile
我会随之一同吟唱这真使我高兴异常

Those were such happy times and not so long ago
那是些快乐的时光就在不久以前

How I wonder where they'd gone
不知道为何寻它不见

But they're back again just like a long lost friend
现在它们再次出现就像久违的老朋友

All the songs I love so well
所有的歌曲都让我喜欢
","['欧美', '流行', '孤独', '孤独']","[479219347, 484314654, 453185808, 455311478, 473817398, 473602620, 475207448, 472361096, 29561039, 29422008, 30903821, 29743191, 32019002, 451703096, 420154630, 422132237, 402070862, 403711269, 423227295, 415904452, 417911175, 29718132, 30706066, 401249910, 35307062, 431610014, 28530970, 29460357, 29771146, 26496942, 407679604, 423228325, 411314681, 409931224, 407000354, 405089420, 1297483, 28427419, 411921855, 32897025, 3313334, 27902187, 3406918, 4128805, 26060065, 19945735, 19945726, 27514868, 3986017, 36921098, 31356499, 29561077, 29535349, 25729093, 34072434, 30953009, 1518938, 5093684, 18638060, 28761177, 31719601, 406086033, 28692519, 28590224, 28306668, 26075485, 35847559, 401722082, 31234342, 27713920, 29803675, 36496695, 31654490, 29436939, 29747517, 28680438, 29450452, 35539156, 33579194, 29722263, 28531849, 4172700, 28661564, 28971281, 5099468, 30841076, 28889250, 31517928, 29307038, 28987626, 34077709, 33599620, 31090820, 35847388, 31053306, 29019227, 28977745, 30798545, 34228719, 28665554, 29460066, 30903196, 34578250, 28160720, 31090993, 32337668, 29460006, 32507839, 29592097, 30590170, 35470060, 35447075]"
2171419444,『古风遇梦』听梦不愿醒 便随你风月无际,"庄周梦蝶，庄周之幸也;蝶梦庄周，亦蝶之幸也。
借梦造访，南柯何逢?大梦初晓，你即是我。
你是我逍遥的世外，我是你熙攘的人间。

子夜，大雪顺月光撒向舟外空旷的湖泊。他一人在舟中坐立良久，在氤满薄雾的寒冬里枕着和暖的松烟做了长达一生却短促十分的梦：那里青苔尚浅，幽径深曲，风声穿竹，萤火过膝，没有琴律约束的俗世繁褥……，
在微雨的午后，闲坐山水之间，醒一壶惺忪的龙井，枕两支欲放的桃花，喝三口绵醇的小酒，对几句草木之语，聊尽余生，做那自得其乐的人间散仙。
醒时，行舟的锋刃恰好划破正圆的江月，在次日晨曦和飞絮入帘之前，他笑着用眸中江雪的严寒灭掉最后一缕入眼的月光。
笑着灭掉的，还有那一场支离破碎无法粘合的，南柯梦。

春回冬去，相隔人海，遥遥一眼，惊鸿之遇。
少女心思百转千回，却困在迷雾之中，
久寻而不得心上人的踪影，便呢喃心愿昼夜祈祷，希望与他再次相见。
当司掌梦境的她苏醒，久困噩梦的人们终于得到救赎。
她听见了少女的祈祷与心愿，温柔而坚定地拂袖，
赐予少女最最甜蜜的梦境，指引着她在千万人中找到那一个他。
至此，传闻人们只要虔诚祷告，
她会听见每一个纯真美丽的心愿，帮助他们美梦成真。

花色游戏20180405","['华语', '古风', '孤独', '孤独']","[1454425636, 1324985554, 1824959449, 1867911343, 1497861951, 1477547321, 1487807399, 1470344835, 1376873330, 1459941565, 1430491946, 1390431703, 1409089436, 1393591079, 1380260713, 1371537430, 1373474868, 1373489565, 1378945058, 1377156584, 1377057937, 507809666, 1345541647, 1359346700, 1370808984, 1346170056, 437311178, 429459231, 1358886637, 494389119, 538712447, 1337988206, 484692395, 1362195312, 1336834732, 1359775017, 515576716, 1313558576, 478440742, 30031597, 1311345562, 1349023827, 1347068482, 1300715906, 1333869579, 32785015, 1325896521, 509931710, 538877431, 28853551, 36080126, 421137682, 413830204, 26830570, 28912781, 469699897, 508415464, 29713807, 865048064, 529802606, 484864353, 428390981, 33035225, 434902076, 28987049, 29572665, 498577946, 538152619, 35283881, 29418643, 29715402, 35283883, 29811147, 530484349, 29825672, 31460198, 445154693, 37782740, 29771185, 519251960, 31352643, 862155396, 428390386, 863065480, 439142371, 571336912, 504685854, 29371278, 519386597, 1330673883, 550138159, 30871307, 29498435, 35403186, 446936996, 514055103, 29593208, 26902454, 29786253, 29418660, 523955429, 511553087, 405253631, 29844789, 34341215, 469744799, 461562832, 552723819, 574925689, 864008537, 31445367, 1294165583, 423849059, 28606010, 28765215, 31165512, 28188425, 508107424, 1295182868, 458453477, 511820216, 33314024, 1325740294, 412519027, 31517389, 28288186, 863703121, 31165547, 1335466708, 1323301580, 1297812950, 556201023, 509453161, 1324898828, 446943141, 555308117, 1321809654, 517870120, 29593993, 547289825, 41641203, 1300896505, 31645364, 31563107, 239537, 34228252, 498031921, 28832290, 455736696, 491248047, 1333370008, 544012852, 28747868, 81598, 37095657, 504685852, 562967809, 1319119205, 427609971, 473742887, 478950280, 466610736, 456519525, 28009339, 366295, 29732013, 432464681, 415853154, 27908599, 556532480, 485985899, 488310868, 32408258, 574745972, 29786091, 476630932, 432511734, 425298759, 532949252, 34057079, 425828240, 428387759, 30284102, 28854528, 534048590, 28765212, 542392015, 486825044, 29567677, 35726643, 4872854, 489092574, 29771072, 29829845, 27506513, 33579586, 417596566, 538708578, 487387150, 30590852, 435872131, 28814309, 418279303, 29415009, 239571, 28409858, 1315620910, 534574787, 27908604, 28406472, 366348, 29771383, 31460199, 29825704, 426833060, 29825601, 29825674, 475072197, 29825599, 29825641, 29825673, 501220719, 1321240701, 538653982, 101126, 574716564, 491969521, 506094870, 515863292, 510702494, 33854412, 1305619494, 517243502, 431795016, 508870712, 519745801, 526695631]"
90168173,锻炼健身，人生只活一次,"see the thing about life.we gonna die ,right? Eventually we gonna die.but our legacy live on.the impact can be non-perishable,forever.
Greg-plitt 1977-2015
永远精神不朽！","['运动', '兴奋', '孤独', '孤独']","[1343458352, 1372707073, 566443286, 403710016, 512359195, 494654053, 488388391, 1333144056, 1297750792, 423407297, 33504169, 31273201, 435004442, 532267293, 18292649, 21606441, 412785957, 426026689, 26339540, 432780721, 33414686, 26193501, 515269424, 436147067, 456175752, 35331692, 460409993, 29455198, 412187801, 28138228, 447925079, 427542142, 426026768, 425137506, 29400935, 29593577, 470573915, 29498741, 442867083, 26334149, 21606436, 30352418, 29553031, 21606437, 506224111, 29737986, 32358948, 29717332, 429089881, 474581010, 427416380, 31062524, 37091383, 1990836, 429482663, 28613168, 20244741, 4341314, 27949350, 26625301, 26521799, 1071302]"
2323479747,50首好听的民谣歌单〔一〕,远离城市喧嚣，带你走入宁静旋律。你喜欢哪一首？,"['民谣', '治愈', '孤独', '孤独']","[439139384, 27646205, 458238990, 526464145, 29572804, 28310930, 27646202, 30431366, 28310921, 202373, 28815250, 31445772, 357312, 447925063, 33544485, 29567192, 29715557, 326705, 33920046, 27808295, 247172, 29567187, 247177, 326708, 350838, 486188246, 187904, 31654492, 28935309, 27591444, 29715552, 27646198, 30431367, 29429661, 139359, 28940201, 293649, 27646199, 28111471, 29436904, 28009051, 33166539, 447076307]"
8840267854,日语 | 用音乐燃烧内心的渴望,"久听不讨厌，你爱的歌 ，值得反复聆听，热门情歌，收藏你的最爱歌，经典新老歌曲，
每一首歌有你的故事，希望你们，收藏起来","['日语', '流行', '孤独', '孤独']","[2074163984, 2083182016, 2079797137, 2084034562, 2084103006, 2061225325, 2056914217, 2048604694, 2057696725, 2074759832, 2065281614, 2093903080, 2073738346, 2084732462, 2057915903, 2090470651, 2060973088, 2075990878, 2055004158, 2079467701, 2083809425, 2086529025, 2090567800, 2067900627, 2058345064, 2082330819, 2072279422, 2062746061, 2085560360, 2093235155, 2044200355, 2090088834, 2088063371, 2085679258, 2060045141, 2059807644, 2083870325, 2090189914, 2068004768, 2083809426, 2053002545, 2043976339, 2051328176, 2090374084, 2059134040, 2093054281, 2058124989, 2094351580, 2085716709, 2089080114, 2042620643, 2057804438, 2073465640, 2068063722, 2090030413, 2083193896, 2089616226, 2045828022, 2079698806, 2047735926, 2045878963, 2092248909, 2076685384, 2066671178, 2068041065, 2076583601, 2087759170, 2083488023, 2061888111, 2069361759, 2075689392, 2043178301, 2090374085, 2089085745, 2048604695, 2077756659, 2083872221, 2067336538, 2080124800, 2056911536, 2047652597, 2044333039, 2048982668, 2069689169, 2045920784, 2057652746, 2045878962, 2090838387, 2062903608, 2048949821, 2054974200, 2087055027, 2086528068, 2087010071, 2054973744, 2082329207, 2052933626, 2050640265, 2071177218, 2093192414, 22663419, 229083, 567832, 585303, 601536, 669138, 417243273, 595199, 29017261, 26143179, 22722696, 636851, 1317162660, 625096, 29017264, 663631, 29122204, 599055, 1355979244, 659423, 32358160, 34964562, 558185, 540931, 481890, 450694, 483880, 29539330, 22663877, 28854691, 1355915831, 585639, 865245, 4908982, 655849, 22710982, 612705, 22818003, 795691, 795767, 1334689673, 22645894, 1334691562, 467843, 22685936, 1454109038, 22713080, 27615444, 22816508, 567817, 1859709007, 601548, 27615046, 1299570956, 22740435, 601630, 22663357, 1299563997, 620487, 601613, 22816485, 27090005, 22773568, 22710887, 22805440, 624899, 638385, 22766095, 567889, 486934, 22729033, 627125, 22720705, 623264, 853526, 481160, 569108, 557813, 32358171, 503916, 22663884, 26303262, 36921256, 35804089, 22817983, 22671896, 22766090, 569234, 4908973, 567843, 636176, 671033, 668584, 741963, 35407846, 22671897, 638353, 627217, 27809014, 612743, 26114492, 639337, 474536, 642283, 604147, 642247, 22742684, 636946, 639338, 681412, 22687967, 584816, 454834, 22654784, 468030, 474556, 26113649, 303014, 22663310, 764810, 638400, 663762, 601775, 619526, 493708, 27676599, 493751, 567919, 558328, 670432, 26167700, 473723, 4902185, 567859, 764826, 674752, 4991748, 670000, 467773, 486806, 22695517, 848332, 26112865, 673214, 4902177, 599389, 512776, 22641785, 22817987, 799035, 481094, 22815818, 523567, 28947128, 795664, 22782812, 445063, 29379784, 29751583, 620493, 543608400, 722055, 643955]"
6931469074,古风｜看小说时听的歌单⑥,基本都是古风的，很适合看小说的时候放,"['古风', '学习', '孤独', '孤独']","[1449669945, 28315295, 476513774, 405597568, 1376873330, 574566207, 1335942780, 1387592437, 1388334766, 1332153723, 1369798757, 30352891, 4873065, 27571867, 28188427, 509531864, 451799801, 31168234, 435306744, 28308561, 28288202, 459942286, 29031001, 404459476, 28798354, 28768366, 471346617, 464628991, 471082548, 475175272, 463543317, 465920521, 440353134, 472385776, 34497479, 473428911, 436667597, 440239059, 465920526, 326547, 28768364, 233685, 28568212, 423104409, 32922139, 447139797, 32317602, 446944042, 32785682, 29392759, 28977959, 423849560, 444745905, 437250490, 431795630, 450469596, 450451057, 456467325, 415086097, 461858467, 31062977, 448812017, 32752237, 28832265, 439665253, 430787411, 441138572, 453995937, 405242498, 423703603, 456512459, 429459091, 28660564, 443967261, 28457670, 29593208, 81397, 28445973, 81400, 81394, 31062971, 454438797, 81385, 81377, 81378, 28445971, 29593802, 297115, 28798754, 33314344, 81379, 28853555, 31191360, 33715420, 31877416, 34324804, 81381, 33668704, 28692422, 34916833, 81388, 32785381, 28445972, 33166221, 29151041, 28854565, 443643109, 449407139, 451707079, 33875345, 448385939, 440353219, 101118, 28188425, 296965, 34072446, 29771067, 206815, 434052750, 28661587, 29786264, 413829631, 32924132, 466844094, 430053998, 29844115, 28819192, 28188426, 34578090, 449117386, 34381462, 28854853, 26145725, 29812320, 428390097, 462648762, 28971020, 31789091, 444356167, 450474223, 315587, 29535958, 28912026, 409649814, 419373902, 26830208, 29829005, 34218977, 446945018, 416890449, 431791853, 31967567, 29719651, 458290500, 29567095, 28288216, 27908082, 32957016, 440353265, 81532, 35403238, 29747727, 27928583, 29713644, 422428828, 453827333, 459437308, 438431098, 32196583, 29498177, 456456745, 33035376, 34497588, 450451866, 35270823, 453227142, 31165512, 27928580, 28188451, 29771185, 28188385, 439625234, 27902966, 30569561, 35447220, 28458058, 34179769, 454966060, 466360724, 434070955, 28955099, 315581, 27902961, 184557, 33756650, 424496171, 28912781, 32408200, 33497647, 453938724, 32196769, 29823473, 28188382, 32922133, 29827163, 29005132, 32408270, 468020007, 35345542, 28188386, 28188381, 34916504, 455428669, 35955877, 435872131, 28765208, 28908097, 29764079, 29825893, 36496389, 29747554, 468020249, 448520476, 459919675, 413188734, 28254435, 431795289, 35566989, 34380993, 33887098, 27506597, 34880393, 413830485, 468024183, 30089455, 425065181, 461152781, 279660, 461851456, 407042093, 409654891, 29017301, 34152525, 420401986, 34609166, 429459016, 29572089, 459962490, 28921641, 27506522, 27902876, 448917682, 28832249, 461602652, 454905890, 457061334, 459555084, 81383, 33111884, 28853551, 440241077, 239562, 37782740, 184406, 32807019, 425100307, 459412983, 465745295, 443643108, 1860864828, 1498523311, 1351354032, 1430643739, 1804320463, 1451145776, 464422616, 1392940429, 1382865626, 1454037844, 1438820072, 568581866, 1437971121, 1493944539, 167882, 28631330, 1432225735, 1417113061, 35847917, 440239045, 1367452194, 409649830, 1301884692, 1412559986, 864489622, 866196687, 1357999894, 1404885266, 1412174220, 1372060183, 1412672813, 505446392, 430053192, 504686859, 469010924, 462391069, 449671692, 1811662859, 1475091192, 1408941888, 1501715251, 1451720450, 1313354324, 1347524822, 1479526505, 1433562661, 28445950, 423058848, 1377748865, 1348999273, 464983144, 470774529, 28765209, 366255, 26830570, 1375920506, 862099159, 437755663, 536096151, 425100599, 422790454, 29567100, 28496172, 416388799, 1375935067, 28668855, 1340543218, 463895473, 409650851, 101126, 421137682, 404465743, 39224244, 1360829941, 1390466212, 1358035466, 35448729, 511996690, 472716484, 31062980, 1297802566, 1301809001, 28953753, 469486395, 534014131, 461375949, 33223393, 453256396, 422428345, 478885032, 30500857, 522529351, 434070744, 562597329, 460515000, 450480693, 415085875, 1337988206, 420008229, 435872865, 553125041, 28987050, 31517413, 28427631, 29019519, 476065112, 550995874, 28274794, 505903506, 432430797, 441441381, 432430770, 33497436, 428390981, 481304028, 29379442, 468007598, 32957012, 26902780, 572819430, 559965660]"
43219994,【纯音系】静听落雨也温柔,"少年听雨歌楼上，
红烛昏罗帐。
壮年听雨客舟中，
江阔云低断雁叫西风。
而今听雨僧庐下，
鬓已星星也。
悲欢离合总无情，
一任阶前点滴到天明。","['轻音乐', '孤独', '安静', '孤独']","[29137872, 786091, 603899, 41663322, 438903643, 410181618, 493903, 139206, 1371780128, 411356494, 546182336, 462199987, 468058751, 1369034842, 865943142, 410161058, 528404572, 458999809, 304955, 1377807992, 1302675215, 1352127709, 539083, 1206866, 1221117, 493950499, 463901821, 385320, 29818028, 28308048, 495951728, 26325374, 139251, 5308068, 5371821, 5382893, 27971249, 103035, 410042522, 22724729, 28977340, 5331039, 1397320333, 430685732, 5330999, 5331042, 475547, 16270147, 1234572, 1234561, 17673495, 16967712, 22792363, 4272017, 1220993, 3927810, 139733, 3944160, 853708, 33875522, 4054513, 4054515, 4054511, 1876954, 22829933, 34497494, 28853536, 5330805, 5330941]"
8543890016,0.8x刮风这天我试过握着你手,但偏偏 风渐渐 把距离吹得好远,"['伤感', '感动', '孤独', '孤独']","[2012783434, 1974228177, 2054365065, 28949444, 1426112587, 2012939712, 176648, 1430303185, 1981873549, 1831475793, 1991353177, 478303470, 1454415688, 1868022598, 1974247895, 1484081302, 28232019, 139764, 1972150745, 1971190557, 29412405, 27731176, 1408713927, 28718313, 1958119516, 1994057212, 1958745079, 1986129639, 1958231796, 1987313041, 1993525055, 1961032753, 1958405457, 1962023567, 1964744004, 1990744019, 1941265858, 1453957944, 1971708235, 1955393983, 1957883626, 1948708162, 1938862336, 1934381272, 1951559963, 1951105519, 1956168505, 1947700974, 1954957116, 1934353849, 1951182806, 1406175700, 1952350857, 1952285354, 1952233909, 1930200326, 1939633377, 1901628234, 1949949331, 1946063168, 1899521702, 1428290622, 1923178574, 1406174734, 1919695702, 1932310602, 1924817966, 1927963832, 1930557421, 1930248912, 1928900468, 1926873649, 1929983764, 1954153854, 1925560390, 1927934815, 1926259611, 1917342027, 1936250153, 1939409228, 1949423188, 1959152626, 1958683761, 1957492947, 1958137565, 26127565, 1915257489, 562594322, 573968836, 1342798229, 109125, 1886371886, 27646687, 29436904, 1467479613, 1373641129, 1381755293, 1369034061, 518725853, 1487528112, 1328146041, 864498975, 1868108285, 29803287, 563129860, 419375250, 1436910205, 536622304, 1851258433, 1491607335, 1444193524, 863046037, 1841002409, 518686034, 1466383948, 1846337727, 65528, 1430712577, 516076896, 1837638102, 1441060344, 1435177840, 1464325108, 1835009703, 1401671455, 26305534, 1433470767, 1438055667, 1363205817, 1850795975, 1449601413, 1297742167, 1423241987, 1403783133, 1454932882, 1806183514, 1449990499, 1840301142, 1809471859, 1845625045, 505128973, 1442508316, 1441758494, 1955039633, 1973058747, 1942691124, 1949856389, 1910183601, 1942845694, 2025513396, 1996697776, 1930605629, 1970324585, 1966212898, 2013400554, 1993517689, 1972445487, 1971490891, 1944123716, 1945417412, 1958125235, 1970938048, 1958121913, 1933594385, 1956810237, 1970539602, 1923189506, 1935408820, 1945423568, 1952923251, 1937212415, 1957344271, 1948237753, 1955029675, 1962438244, 1929675043, 1920606151, 1917852233, 1958934349, 1961174794, 1956171974, 1960351004, 1939409274, 1961161592, 1925262041, 1953654112, 1963416094, 1959303514, 1925574040, 1927189273, 2020066150, 2033406545, 2033957082, 2005190306, 2016500441, 2041311610, 2000179232, 2002727431, 1997729523, 2008006412, 2034847807, 2015047009, 2001127463, 2038905625, 2019610295, 2026835865, 1868618255, 1970659836, 1874631954, 1960404594, 2012172879, 1998198294, 2017958997, 2031796212, 1968354813, 1959666804, 1941491799, 2000566709, 1998057752, 2026043794, 2008003816, 1950623508, 1993675694, 1834268297, 1972569260, 1938733034, 1973694058, 1497779613, 1956838147, 2013129947, 1998285264, 1966632601, 1969510653, 1976791890, 1943355190, 1939409306, 1939859775, 1950070505, 548885986, 1952350679, 1950821146, 1990086349, 1946234096, 1895330088, 2019351846, 1907766514, 2048584480, 504835560, 1456443773, 2048584478, 1994844531, 1933915376, 1959528822, 1983444003, 1341964346, 5238992, 33911414, 1988751758, 1957211405, 1959207292, 516137362, 1947444886, 88164, 1952870374, 1954924353, 1955423798, 1952086849, 1957560926, 1955204537, 2019279516, 1360740361, 1498723813, 1971444527, 30431367, 2016323659, 572042895, 2047104095, 1971651539, 1984889268, 2010395490, 1836117930, 1406686876, 1963213163, 4873540, 1968429904, 1803516409, 1959225989, 1958856851, 1947780316, 1955223133, 1973028472, 1336205537, 85571, 1949075851, 496370620, 1315718569, 2000533620, 1818181444, 1925452719, 1926660829, 1866508644, 1853868729, 1450630238, 1475553535, 1830448879, 1424317373, 1805088448, 1444947562, 1422719929, 1481164987, 1433807553, 1944361659, 1898240606, 1951662270, 1851652156, 1961454402, 1334659052, 1842025914, 438204707, 5259353, 1894094482, 1811408619, 1882417520, 1467444619, 1426649237, 1424525816, 1804797025, 1463165983, 1430850573, 29771231, 386844, 1843720688, 1313052971, 1456465102, 27671269, 1486264538, 1960622986, 1491495234, 1959234814, 2026812798, 1948007389, 1986771025, 1398663411, 1896178567, 493735012, 1332153723, 1849998058, 1413142894, 1489342321, 1489065373, 1459950258, 1443838552, 558071673, 449577226, 1963213974, 1297086004, 1959190717, 1983501304, 1917813225, 1329101457, 27731362, 1445761206, 1330348068, 1386259535, 1970542508, 1939849187, 1939876036, 1940108764, 1940449610, 1942588602, 2001370746, 2010957326, 2002993828, 1999014644, 2007300755, 1977075803, 2011364250, 2012328830, 1981613290, 2012264256, 2009914816, 2003795163, 1370047789, 1403318151, 1810299649, 441491828, 1831802364, 1954223039, 1456890009, 1500569811, 1891469546, 2026224214, 533259686, 553310243, 1951069525, 1430583016, 553817982, 1970973216, 1808492017, 1955286780, 2045089372, 1846489646, 488249475, 1388632947, 534542079, 1827600686, 1970396862, 1923184888, 31654343, 566436427, 467952048, 475479888, 1346104327, 1950100043, 1960170435, 2041974276, 2024809489, 1807799505, 30612793, 566521546, 2051919729, 327089, 1385642413, 1459436775, 1386460251, 1924343459, 1961006625, 2046990697, 1974443814, 551816010, 1959028063, 1396073496, 1459023707, 1431636755, 1336856777, 1961161601, 1953028750, 1918999734, 293948, 2045089380, 2041799838, 1923581177, 2022920245, 5237749, 537012213, 1819970423, 2019573476, 1919597705, 1431393883, 208958, 1917868005, 1491221473, 550138197, 1413585838, 486194136, 167655, 865632948, 208891, 1354504985, 1318571230, 1339420560, 1431464716, 1885427474, 1819703536, 1441256078, 1345848098, 63574, 1363225672, 18861490, 1406130579, 436346833, 525122066, 1927693793, 1425896565, 1953274089, 1931410909, 1806207854, 465921195]"
2204429189,跨过波浪寻找微光,"华晨宇
我的偶像光芒万丈 我不能一身戾气
","['华语', '摇滚', '孤独', '孤独']","[2104598736, 2085452852, 2052368029, 2052368104, 2052642244, 2050323274, 2052367991, 2048826430, 2046806369, 2044808338, 2030767034, 2032434423, 2034775498, 2034187421, 2036226459, 2038511065, 2038878286, 2030766874, 2006484469, 2040835953, 2006485349, 2006484446, 2006485344, 2006471955, 2006472438, 2006472448, 2006472449, 2006472464, 2006472465, 2006471567, 1952817125, 1830079389, 1344497151, 1480184894, 1436961038, 1436959161, 1442842608, 1442842748, 1436961070, 1428759743, 1436959181, 1439111141, 1436959152, 1436961077, 1436910205, 1434057772, 1432428744, 1429908253, 1428605192, 1425818677, 1425643256, 427595266, 1422992414, 1421191995, 1407358755, 1399533630, 29357467, 29004400, 29418042, 432698831, 461811728, 507364050, 432698825, 32835565, 33497110, 31645164, 34228112, 29418043, 419250437, 32619105, 33190545, 434981389, 34964198, 417833854, 29418038, 434981391, 434981388, 29418041, 426291338, 29418037, 29418045, 434981390, 29418040, 434981393, 522320048, 29418036, 475277742, 440411226, 438801570, 448520454, 34078140, 29785948, 30394408, 34057017, 407007126, 29785930, 34364633, 28240120, 1305366556, 522320210, 30039636, 481859794, 422463501, 420125810, 28160015, 29715897, 509135782, 545407145, 571340083, 409060097, 472137749, 484732162, 484730185, 30569534, 28725062, 27984964, 522320058, 471374398, 28497630, 29343845, 475279804, 417859729]"
2615096131,为什么最迷人的最危险,大概就是我很想你 但又不能找你,"['孤独', '安静', '夜晚', '孤独']","[150424, 2100329027, 1915292143, 150452, 4876202, 25648006, 1449808276, 491787693, 1885843845, 1413368925, 2073532309, 82366, 2063864551, 1378191814, 1970514994, 28029112, 82194, 1986106845, 1844748902, 1954694243, 1867876576, 1826099527, 1843636386, 1951316796, 1462515184, 2006196078, 1992083081, 1988456854, 1347717609, 82532, 1988615725, 1978670873, 1969874371, 566436427, 1806634682, 442869203, 552469970, 1953828422, 1919931652, 524148990, 1940334604, 1877751193, 1293951983, 1818237485, 1402551314, 1813494544, 1440570723, 1410874260, 1886345442, 1895330088, 1899079967, 1460244210, 1452590934, 1481799266, 566977275, 1811126280, 1475835459, 1426248982, 1406273330, 1423241987, 1395935420, 1407432148, 565337441, 1310728498, 1351743204, 407435011, 420401511, 424496769, 1803936748, 445546453, 461899833, 544713530, 1867217766, 1343756008, 1407998782, 1306964229, 1421859939, 28643203, 1336559582, 1359356908, 1361997765, 1354632376, 1404885266, 426833066, 29759733, 1398663411, 514761281, 404465600, 1325896149, 1365393542, 546723152, 522510615, 480783619, 1331819951, 476659144, 1294899029, 1435449062, 1297492148, 1418880409, 1449990499, 1461142410, 1432156509, 1391842107, 1412946197, 1396897168, 1397680229, 1452418823, 29783058, 1299326404, 1453702888, 1468957767, 1498633251, 1498599397, 1468675911, 1314154490, 1346119612, 1496828617, 1357825630, 507911166, 1387608205, 568736422, 441491828, 1400259397, 1806316644, 1804320463, 1463168014, 210674, 1432414091, 1417136806, 1354629987, 1416685176, 1422676034, 1398508295, 1346330018, 1370047789, 1388357890, 29850531, 466370500, 1301212183, 405599470, 1382640139, 1416628288, 1481164987, 1497799734, 1367485724, 1405577512, 1452284697, 1336990251, 1338695683, 502043537, 29357087, 432430693, 1356499052, 1313052971, 1349292048, 554241732, 1301909440, 35678875, 1406432116, 1423764390, 1345806412, 1436709403, 1424102208, 1414095194, 516657051, 507014930, 1306400549, 1360604856, 1379656441, 1429805487, 1809100933, 1334270281, 513360721, 1425619718, 1454687317, 1882041535, 1492584510, 30284674, 1489342321, 1432828117, 1432248429, 1405111400, 1358554236, 504264170, 1313591404, 1351923109, 1344851065, 1405069977, 1446764662, 1410815174, 1325711428, 1367172473, 526116053, 1299557101, 1403699842, 1373641129, 1473925003, 1497071430, 1371046568, 1421991056, 1426888460, 1443838552, 1487659896, 1340620864, 1830688911, 1373693398, 1437916195]"
8630211597,BE美学｜宿命之音,「人穷尽一生追寻另一个人类，我一直无法理解，或许我自己太有意思，无需他人陪伴，所以，我祝你们在对方身上得到的快乐，与我给自己的一样多。」,"['世界音乐', '治愈', '孤独', '孤独']","[1854548201, 529661081, 489998870, 2099601427, 2097531989, 1351784375, 1388595437, 2030061792, 421110790, 1953274089, 1330472048, 2067668284, 1993119056, 27646205, 569870549, 1399998675, 1930169224, 28569056, 1358255257, 1814177935, 1470149634, 2074866054, 2063124177, 2051993598, 1445536331, 2013880610, 487590283, 1468471788, 386844, 2038248552, 2020525831, 442589152, 35307899, 539171406, 1828264790, 1944133329, 29947412, 427322010, 2031570329, 233931, 25657348, 28427707, 1399998680, 1315698167, 551722315, 1897698838, 1933807067, 1840955452, 1892743037, 1897244314, 510949699, 1943186, 26093064, 27808560, 548885986, 1412248297, 1451099104, 2064268741, 1439556633, 1879965690, 327089, 1912132583, 27955653, 1484081302, 1870563074, 1900792707, 1863449738, 4968356, 1850480517, 571338636, 1323083542, 1840904855, 1887013363, 1895116778, 1914569296, 1460244210, 22846518, 543798994, 423314146, 1978225028, 1819924178, 2052454512, 1311345357, 2045166934, 1405062386, 2032182607, 1998738023, 28497248, 34834414, 2030729635, 421203731, 2013896177, 1964634613, 1462956212, 1952521923, 1950271837, 1351774831, 1321518222, 1995166023, 400876320, 29544534, 447925342, 1951416885, 1906515508, 1876179327, 1447246243, 30612793, 1957926942, 1357839856, 2035539972, 1937105542, 536264928, 1456804694, 1869160662, 38018486, 435872232, 1430583016, 488388942, 1988202864, 2019035410, 529668356, 29966565, 306877, 2048700321, 108795, 1951069525, 108914, 108478, 2008616382, 504646547, 86381, 328076, 86363, 1895081222, 1816574023, 526081121, 1841685179, 25638340, 1344038671, 1966879563, 2013112478, 1895440226, 211588, 573968836, 5238992, 1808040375, 1306923998, 26243686, 1294951288, 1330348068, 25707139, 1348568675, 1394601255, 516358164, 254574, 1958557540, 29713754, 1958871157, 29759733, 1992712131, 31654343, 29129889, 441491828, 406475394, 308299, 1210496, 3026472, 1303289043, 448916839, 488249475, 2534889, 475479888, 1383700667, 1403318151, 1444092752, 1368754688, 1367381077, 1397345903, 1374329431, 1963654951, 483937795, 1401671455, 545350938, 1372188635, 29758362, 1297742167, 496370620, 436346833]"
2374133948,黑童话|八音盒|恐怖游乐园&阴寂古堡,"黑童话，改编了童话故事的美好结局或者奋斗过程，以结构现实主义的角度进行替换，最终造成和原童话相比，更为黑暗和绝望但又符合物质现实社会价值观的结局。

大部分为八音盒/哥特式的音乐，适用于诡异风格视频剪辑，也可用于助眠（划掉

删除了一些旋律不明显的恐怖氛围曲，更有利于歌单循环

封面画师─叶鸦

上次更新2022.6.29","['夜晚', '孤独', '另类/独立', '孤独']","[665684, 17677746, 2104912, 33941735, 34179221, 19648861, 538887, 19648868, 17677758, 422900, 640911, 1938273, 3204379, 1225632, 862903903, 1085496, 543752, 19554942, 543851, 1209449, 33737053, 523658877, 532931, 570330421, 1439870272, 1161515, 1338490248, 1766269, 1390467027, 17677590, 532905, 1862522425, 21801396, 3985379, 4140826, 665279, 36103410, 414817, 530975, 26971649, 532874, 530257, 4279441, 501078438, 406730499, 17662346, 4930437, 35447996, 1401654701, 19648863]"
567822993,深 夜 别 做 任 何 决 定,"“所谓完美 就是耳机音量刚好盖过外界噪音 闹钟响起时你刚好自然醒 你爱的人也刚好爱你”

2018 7 29 广州 晴","['伤感', '孤独', '夜晚', '孤独']","[1937448816, 1435643338, 428350031, 473740241, 431096101, 494410758, 1327130432, 571338647, 442605112, 452601827, 557581864, 448917397, 1323083542, 520458889, 1333056987, 442589140, 31246690, 515796231, 29452826, 509426327, 431096374, 35804930, 516320022, 1298387568, 1346492, 413834799, 536726095, 16468496, 517565357, 459733609, 447279083, 3935965, 448917407, 29947400, 30512348, 28755577, 32574246, 3947467, 32594183, 424057314, 4425889, 441491211, 4084080, 450048379, 509276016, 436675648, 448144044, 449818667, 429482215, 449824613, 427142516, 407927987, 462516555, 488267911, 551339267, 438466189, 453291449, 491686522, 425136195, 463001828, 523208751, 437290510, 453268929, 427416434, 445844173, 442315048, 476254419, 448917907, 437290513, 434550027, 467164909, 466126024, 443876149, 463157676, 442315005, 494410033, 438456260, 438466185, 437290404, 487180028, 474791229, 436514481, 432698513, 462523444, 3939376, 429450351, 463001820, 445462185, 454711600, 465030985, 464373539, 518896371, 447280882, 3031874, 453268536, 517571020, 430208990, 469744197, 477821065, 459733656, 35497984, 479422788, 469410422, 424474948, 534542159, 470573851, 515816220, 438803564, 454125899, 425684549, 437292472, 437290493, 443876531, 425828896, 484730491, 452359400, 467164897, 425828457]"
7253454072,你不爱听歌尊嘟假嘟,如果有某一瞬间你觉得自己很漂亮 那么请你相信 你每一天都是这个样子,"['孤独', '摇滚', '孤独']","[1807550736, 2056811636, 2058480512, 2010344872, 1877060483, 1996655309, 2031923874, 2051200680, 2066628581, 1805543348, 1831419729, 2070261075, 1437339583, 2062550782, 1953652867, 102374, 2015499286, 1818114272, 1809763159, 1924278591, 1876116226, 1454959066, 1890714091, 1956927131, 1438282140, 2052092037, 2028386548, 1407813608, 459067394, 163285, 2049212551, 2005783727, 1451699240, 1336432439, 1855739286, 1369285767, 1990484045, 2035622882, 1902568968, 2004986731, 1954829703, 2030342719, 2035560317, 2017411756, 1831784095, 2060996617, 2062739801, 1899177184, 1378336559, 1397709179, 2025091391, 1930296522, 1883577809, 2027757465, 2061245510, 2062885470, 2032721696, 1811222106, 2026321323, 1911310506, 2024627261, 1948145102, 2028550592, 1940901705, 2026258921, 2021088244, 1947059436, 1985933247, 1830753970, 1981636129, 1993325545, 1992337748, 1931526844, 1988103179, 1989103160, 1929093477, 1961093052, 1957292147, 1825964960, 1925112269, 1930863429, 1933614856, 1895397925, 1831467282, 1922099737, 1931519386, 1929982674, 1918885355, 1831447861, 1899679617, 1856779452, 1830757642, 1829059701, 1807339743, 1816040557, 1836113870, 1830132775, 1830735856, 1805541939, 1854901037, 1483112462, 1830734701, 1805712919, 1877435017, 1827007943, 1862717189, 1831786387, 1836533961, 1864698492, 1877804203, 1867084350, 1892290710, 1830735682, 1881779486, 1398467990, 1480350899, 1814121588, 1808466535, 1854553480, 1830735966, 1852743242, 1807999149, 1493894658, 1808232302, 1816838227, 1812239209, 1843149600, 1817762859, 1480366028, 1432714324, 1315064029, 34773107, 1410635261, 1302132940, 1424258741, 1411773482, 1341911954, 1343311848, 1357646934, 1412213239, 1344817041, 556207199, 452986223, 1403501539, 1351500426, 1361975987, 1397709180, 1355095007, 1367465035, 1391471531, 1360662345, 1355916785, 445845230, 1314510530, 1340128424, 1310413658, 1358949905, 1868380897, 1394176753, 1336917043, 1812489698, 1896248379, 1397307932, 2028549589, 459068807, 1834268297]"
8584639367,全网爆火！收藏过百万热歌全集,"百听不厌的网易云流行热歌听不腻，越听越洗脑，这里整理了免费下载的 网云音歌曲，大家冲啊！！！

歌单制作：Eliy Habir 
封面来源：Eliy Habir
歌单更新：每天更新中…

勿侵、欢迎收藏，关注？","['流行', '华语', '孤独', '孤独']","[2106481673, 2104714678, 2105570598, 2100096863, 2083450381, 2099293809, 2102617974, 29777858, 1421271201, 2085308306, 1892691010, 2042739333, 2046274499, 2077305406, 2079849476, 2089832756, 2101317051, 2060605377, 2067483064, 2105478702, 1845838033, 515490201, 2091406651, 1434791895, 2043986466, 2084682413, 2084053068, 2080625350, 2101520863, 2078669525, 2046889389, 1825214424, 1943801429, 1956364173, 2085396119, 1848778334, 2092538627, 2103149628, 2093810852, 2084376714, 2102239711, 1962317672, 1319912251, 2104683024, 2085245785, 2022920019, 1323805675, 1870442414, 2092518992, 2035560073, 2096551491, 1807404872, 2089648847, 2034657715, 2028610952, 1986538904, 1806224839, 2077782656, 2041229521, 1953116075, 2056938893, 1466588140, 2041229609, 1961499952, 2044585466, 2053334843, 1993433399, 2081548785, 2086648272, 2041226052, 2072648006, 1862042449, 1493815780, 1984807296, 527709264, 2073773504, 2040566449, 2040008221, 1996686226, 1434387022, 2057272160, 1425069401, 2046159923, 1956365643, 2090974658, 2037507659, 1893138818, 449818853, 1944307179, 2027280875, 1884020859, 2034863320, 1895243053, 2044000825, 1838976033, 1821064727, 2041232192, 1410833098, 1432778700, 2030296585, 2029498928, 2008746306, 2042741518, 1880909462, 2041232283, 2031330068, 2080995093, 1928305385, 1866181477, 1497607774, 2039031044, 1472794688, 2003461208, 1925413632, 2051751004, 2045830618, 1902523224, 1998168054, 2062668587, 1891085840, 1996740889, 1903546795, 1423232357, 1928174922, 2031835136, 1812799386, 1812267589, 1902198994, 1998339144, 2050733897, 2042630564, 1965718855, 1886192269, 1917328742, 1863485214, 2008586924, 2050122316, 1912784198, 1841884017, 1398084972, 2035374710, 1891311376, 1864638464, 1903206657, 1928456972, 1992108400, 2021424727, 1907241392, 1985950816, 1497908942, 1470175556, 2054294510, 2060848343, 1856326960, 2065681651, 446875114, 1411774791, 1899202190, 1468259237, 17263308, 2018089702, 1922657249, 1852326001, 1370047789, 1806341232, 1944487856, 2079444901, 1392161228, 2023797552, 539114775, 2035212204, 2045702175, 2020689845, 1878597955, 1396488917, 1430693066, 1965537576, 1892843169, 1397345903, 436346833, 1895330088, 1398283847, 2074440239, 2084366052, 1974443814, 2049512697, 1403318151, 1482867143, 1456890009, 1842728629, 1303027499, 1951069525, 2041799838, 2019573476, 1417849873, 475479888, 1979417838, 488249475]"
2787148993,那些独处时听的歌 别让悲伤逆流成河,"当你熬过最孤独的时光
就会觉得
其实生活也不过如此
没有你想象的多么难过
也就不需要别人陪伴了 
无论你曾经多么期待
有人疼 有人爱 
最后也觉得
算了不指望了
我一个人也很好

当你觉得孤独的时候
或许正是成长的开始
当你感到孤独的时候
是你盛开的时候到了

封面来源：插画师 路边张三","['华语', '孤独', '治愈', '孤独']","[1362193347, 1362281761, 475072295, 1429392677, 862098797, 1454140144, 1365393542, 546722350, 1368371706, 1321446580, 441120217, 1359780673, 1332662900, 28987480, 1335553713, 1363959080, 1361434698, 1361962576, 1307633091, 497112820, 1360807181, 546983150, 522529247, 476631850, 1363534529, 1365915805, 1363718030, 27890306, 1352884452, 543275684, 559260855, 1364123417, 1334659560, 421091872, 29710981, 28978321, 408280044, 1311319037, 439122551, 31653813, 518895142]"
619734235,比较安静的纯音乐,"我与岁月一样 身在其中
我与岁月一样 言不由衷","['安静', '孤独', '夜晚', '孤独']","[2011603879, 1370634759, 507585639, 421160022, 16139397, 22829926, 27580007, 30854798, 1348688293, 1351182678, 1331298987, 26127160, 1413374282, 505307631, 757761, 1331298984, 19934757, 20110049, 28679443, 28287122, 462516170, 473940855, 468176711, 535056564, 1389212744, 1645108, 801827, 402878, 5268323, 22655978, 19579127, 527605, 536057, 26902978, 30870642, 32303027, 730861, 406232, 487864613, 28411043, 22710767, 477982, 730690, 460508, 761323, 477931, 28411784, 785902, 528284, 477939, 578090, 28445796, 2061452, 28457502, 471418, 471415, 766063, 26584144, 26218571, 729228, 26218587, 28167018, 469303, 22707013, 570367, 874229, 22816102, 777985, 729232, 778277, 515278]"
2760069913,我听完了一场雨,,"['放松', '孤独', '孤独']","[2051548110, 2014773702, 1933263161, 2096174015, 1494807642, 1853827915, 2098571152, 1980522769, 2097531989, 1444647610, 1968053454, 2085441503, 25986099, 306662, 2042335185, 1496828617, 344387, 2080510256, 25648006, 1454670699, 2063864551, 2063378636, 479979440, 2085709355, 1477144603, 1963344815, 551400874, 1811400283, 2042594225, 2045117743, 2018733994, 1926623288, 1970973216, 1426898916, 2041974276, 1930205037, 1926274487, 496370620, 2037202513, 1842728629, 2029889380, 1992695240, 2023989557, 209287, 4872980, 1975753397, 1406083061, 1979417838, 1965902593, 1919226883, 1946234096, 1961161601, 2015056300, 2005078579, 1325711421, 1844449888, 1440148562, 33715027, 420386024, 509330277, 28068785, 572906368, 1373641129, 1936399142, 862460559, 1318721004, 22833463, 1909339376, 1983290040, 554391213, 551339267, 509530951, 1369602061, 1463293434, 1458667025, 1462753117, 76881, 1882915925, 1970514994, 30245655, 1950054224, 1985091904, 1953873776, 1950528144, 1908083479, 1984488522, 410801521, 534540518, 1399051662, 1948572170, 1466634255, 1970396862, 34084260, 1851330148, 1939457329, 1397160417, 27676680, 1932493485, 1336205537, 465921195, 461347460, 1849998058, 1846273697, 1499505481, 1833928037, 1832088781, 1462875616, 1361932850, 1449648960, 1417558859, 1815105886, 25918133, 1434354649, 1806872217, 5240523, 1463765299, 1432641624, 165379, 492256479, 1497588709, 1808769311, 1811408619, 1383972145, 1489257173, 1481903926, 1445556953, 1464190619, 1441758494, 417595727, 1443838552, 490595927, 1406649619, 1462875618, 1447765942, 1383954630, 1446918102, 1369649924, 1450128299, 1430643739, 1442587485, 1442387632, 548586609, 1430620302, 1346946148, 1425898176, 1391875821, 1426052442, 1424981640, 1430723979, 1439354972, 1438573164, 1441581314, 1443385992, 1435644870, 1400259397, 1300847350, 1436584389, 368764, 1413585838, 1347090645, 405599470, 1383355800, 1358276770, 490867474, 1433324655, 1417781796, 1444965481, 1426367136, 1407670985, 1399333773, 1436490143, 1436709403, 1429271155, 1361789569, 1433338551, 1414011060, 1425619718, 1419620584, 1424743148, 1426068852, 1426597717, 1434072004, 472109598, 1365503354, 1366903468, 1370007645, 1422476209, 28953350, 1391638888, 1367872560, 1420819780, 1387608452, 1422212205, 1435177840, 30394928, 1371378897, 493735012, 1306857404, 1408941727, 1397282233, 1424102208, 1366388726, 1398508295, 1415829224, 29775777, 150422, 1414157538, 1314438112, 1412559986, 1395174285, 1368871723, 1370241529, 517642609, 1374851346, 1340543218, 1336856864, 1413142894, 1433346344, 1398663411, 571545720, 1371046568, 461124095, 518904648, 517246583, 1353785994, 32957012, 1308361185, 141290, 1338810486, 1373228032, 1317671992, 1408941731, 1382596189, 1404885266, 574014422, 1374489910, 1293900224, 27927640, 1348999273, 405597568, 1301884692, 484755757, 421885050, 1392174097, 1377544581, 28152182, 1311347661, 167850, 1382428964, 1381305444, 1359356908, 536622918, 1346629509, 1372970873, 564879750, 1357816405, 1301212183, 1374701777, 1302090321, 571472967, 1368327462, 517933613, 491790505, 458259679, 1305656179, 483937795, 375328, 165340, 1365393542, 1365898499, 571464961, 526161446, 504425882, 29593103, 554245069, 1321631043, 1343311848, 569213220, 445124012, 33856886, 516684924, 498311468, 32977771, 340376, 542724248, 1349279287, 1321518222, 406000115, 407679465, 470164051, 571595292, 1332552439, 520562896, 514761281, 1354504985, 1359508224, 1331819951, 543987400, 1300747962, 466370500, 1370047789, 451169473, 97357, 286510, 35345243, 518155513, 543987405, 1309833126, 1345976337, 5265182, 1315718569, 554241732, 26217171, 1357999583, 1314565334, 552785382, 476729486, 1352002513, 476659144, 502960453, 1344349694, 413074253, 534542404]"
2357054582,【INFJ】我是旷野的游魂，你是闻到我的人,封面：Via.James R. Eads 跨界艺术家插画师,"['另类/独立', '孤独', '治愈', '孤独']","[22777398, 1299557936, 1333336513, 418602289, 1444837393, 498704160, 1453024326, 590414, 34578036, 19068246, 17753599, 27879558, 2638914, 18607260, 16468498, 16845627, 27552635, 29775865, 20229454, 20229457, 19641269, 556204229, 536099137, 445462318, 1609689, 3420720, 19674022, 28987617, 16469426, 19945735, 29095350, 28253154, 521784134, 4102785, 29463485, 21255844, 20954450, 27674070, 2186843, 4067093, 3166193, 26534131, 466126510, 549941712, 406737612, 27969978, 3971680, 19183595, 20036333, 29497924, 2414902, 2700760, 28310768, 21698712, 3206457, 1329403938, 26448016]"
764380795,【舒缓|空灵】仙音飘渺，幽然如梦,"生命，是一场孤独的跋涉
一个人走，一个人跑，一个人流浪；
一个人哭，一个人笑，一个人坚强。
一场磨难，是一场洗礼；
一场伤痛，是一场觉醒。
走过，累过，哭过，才会成长；
痛苦过，悲伤过，寂寞过，才会飞翔。","['孤独', '欧美', '旅行', '孤独']","[1363276989, 479979752, 18105601, 1452553222, 32192220, 1363276987, 1444648839, 1609141, 866040890, 2013823506, 1921752479, 1451335148, 1434209899, 866045311, 33991219, 1434210634, 1830659343, 1360744883, 404184492, 1464194734, 1353645185, 421203729, 866045313, 1375672426, 1497823857, 480769623, 1375674311, 517902788, 480768642, 421203731, 470211614, 1609149, 491950410, 517902796, 413834808, 31546195, 1434225460, 866040893, 549941712, 520012872, 469699869, 517902795, 517902791, 508903364, 3069853, 28381442, 460514856, 460514819, 418602619, 479979729, 28383717, 479938888, 474409789, 550034717, 18667586, 412175309, 427322010, 27556136, 517902789, 480768641, 477933418, 470547416, 16649878, 424474581, 29564341, 28383716, 28381439, 28381440, 21157115, 36921640, 424057314, 32192215, 439037325, 32069280, 26284002, 989380, 17214003, 31877033, 32192219, 3947471, 1643096, 480769622, 28387229, 4102678, 2532690, 28613251, 37239018, 19107212, 1141603, 439122593, 21725710, 4278232, 989418, 18250864, 28391404, 27922128, 35956839, 34913468, 1609146, 1490674, 30148001, 29722689, 28228088, 19506418, 35956873]"
2311569627,令人舒缓的轻音乐 忘记一切烦恼,"以轻音乐为主，适合在失眠/看书/学习时听。

排解压力&舒缓&助眠

持续更新ing","['轻音乐', '安静', '孤独', '孤独']","[16927698, 26224535, 27884282, 19648871, 22246015, 494858498, 37132783, 1141860, 1141813, 21301196, 487003745, 2866465, 4380586, 26620880, 1702199, 28792625, 1478799, 1931803, 418708777, 28692520, 1165417, 4433364, 32196129, 432509172, 2788529, 17617640, 1480620518, 18602345, 27731391, 1478176, 1474585, 516358164, 2870859, 17956472, 18938931, 30841787, 39122750, 26691601, 4092699, 2007110, 2929187, 16334007, 39122756, 18849022, 18938918, 2001320, 1475477, 1502433, 29556056, 18026619, 17190451, 2414984, 17950509, 28692519, 1489690, 532940220, 3918269, 1218127, 475521, 4064275, 475556, 475508, 475552, 475541, 27623281, 29535895, 27599285, 29137869, 29137868, 139232, 29137875, 29137874, 29137872, 29137871, 139227, 29137870, 139238, 139221, 139235, 139229, 139224, 29137873, 139241, 139206, 448316625, 357023, 17673447, 1217192, 1293036, 4010229, 4010213, 863802, 26212426, 27594393, 28466088, 1849262, 5180142, 26518033, 37132779, 26212423, 28561009, 19475694, 22816425, 1196505, 419923, 27534035, 22616280, 459925481, 2703940, 1369959, 25918429, 28679443, 25918432, 757546, 28253022, 30870642, 16468500, 407450660, 689636, 420500138, 26126565, 454182, 25700059, 27682855, 625631, 756162, 5267463, 536639, 25918499, 578090, 29737644, 21725725, 17604489, 1064409, 441612583, 5299102, 32680241, 5164969, 5299097, 20110046, 33207576, 32680243, 26012224, 1294691, 729183, 1294706, 31134613, 4916064, 1234572, 760058, 786262, 19934778, 707886, 29713218, 28425248, 463183732, 22776557, 28699006, 777948, 1221268, 1369999, 26243492, 1369836, 1369848, 1369842, 28692853, 28692711, 28692708, 28072725, 28692659, 27552967, 1294724, 27740975, 1221403, 1948665, 1948653, 448065, 25842621, 25842619, 18057484, 874229, 730631, 4010192, 4010198, 4010201, 4010207, 4010216, 4010243, 27961155, 27961150, 27961151, 27961152, 27961175, 27961159, 27961154, 27961164, 27961165, 27961156, 27961158, 27961176, 27961162, 27961170, 4010187, 407459561, 461301537, 26116122, 28164935, 548871898, 440556277, 537645, 32070221, 17673483, 431610359, 32337165, 404744109, 421148106, 32857653, 458711013, 404746107, 31168242, 28481658, 35403055, 622847, 485327917, 440355309, 28561001, 757587, 493752060, 33469245, 28188231, 426881489, 32337157, 19676629, 32857651, 32857643, 26135461, 26212424, 27671041, 570367, 31381263, 28411782, 22695990, 480032607, 515270, 439911325, 435004271, 590946, 541844, 448518438, 22706979, 523902194, 523863496, 1906391, 32320820, 405377983, 3315209, 27946016, 34892886, 414118718, 32337030, 32320833, 32320832, 32337064, 477939, 1602584, 543022, 32320821, 22636872, 4928415, 26135471, 1236975, 1771679, 28481790, 29571127, 26179695, 22695980, 448126, 22822538, 409031876, 26429372, 559869, 22822558, 34014168, 36199895, 28481661, 31168237, 28661568, 757779, 4946907, 5326431, 31168164, 786259, 5326433, 5371075, 27678949, 28062403, 420602, 36019155, 29482449, 31168245, 757757, 25721038, 3204382, 32640630, 5312126, 5326480, 34892899, 1934074, 26561955, 28425237, 1091289, 26592946, 2424859, 28692687, 5214124, 1992463, 19781593, 28838975, 5371038, 5353820, 5330831, 5331418, 28853538, 27580007, 27671053, 28941461, 5352825, 19934757, 1961801, 2584598, 36198852, 28240909, 16139392, 16139406, 574935892, 36198994, 16139404, 16139391, 16139396, 472219768, 16139377, 16139399, 16139379, 1807757, 16139380, 424538273, 35253666, 29950281, 572032022, 16139405, 16139403, 426303223, 36199958, 36307035, 16139378, 1807649, 36199948, 1807765, 5105613, 16139376, 426303219, 36198997, 1807754, 1807627, 16139426, 35253667, 550169509, 16139398, 16139400, 36308043, 470793902, 16139382, 36308042, 16139383, 36199956, 36307037, 508068754, 27701668, 16139402, 36199955, 16139395, 16139381]"
6667059942,希望你不后悔认识我 也真的开心过,那年的冬天比春天更暖而那一年的夏天却比冬天还要冷,"['夜晚', '孤独', '怀旧', '孤独']","[1803410723, 1906719248, 1828063556, 1873518697, 1964744004, 1994057212, 1941265858, 1961601414, 1993119056, 1943011878, 1405897731, 1822798322, 1898756473, 1299889486, 549309101, 1930608504, 500538107, 1294899880, 419254253, 1960642479, 1381290206, 1991801101, 1975695478, 1917818990, 520458166, 548823873, 1942691124, 1956525809, 1339699274, 1396751279, 1813041013, 1473915836, 1955039633, 1392328336, 1933287087, 1824560096, 1334363758, 1986771025, 1974646854, 1936250153, 1963344815, 1875025499, 1436910743, 1414218374, 1329538017, 522092495, 469490896, 1297584569, 1326203555, 533465371, 420125810, 449460252, 1434572668, 1815105886, 1321580023, 1410719742, 1403542141, 1306507078, 1360094742, 1417878051, 1354081533, 501208588, 1434893499, 1335532412, 547887666, 1373466881, 1482971119, 1392752613, 1804606518, 489998870, 461124153, 1445247233, 505820121, 1317903485, 1810729830, 1399696982, 458943753, 1816484241, 1367076317, 1308062669, 562093032, 516839675, 1365914380, 512418299, 1817578072, 1359570581, 1452354170, 1808943591, 1384983999, 1335306107, 1437271310, 1416570735, 1401412179, 1381644279, 1813413835, 466803607, 1443153091, 547667684, 1437266892, 1328146041, 446935665, 1829057624, 31365604, 1835698048, 1313584359, 1359554406, 511332133, 1460414089, 1433338551, 1450665185, 559227860, 1384830784, 1446872659, 1870063540, 1808218441, 1424525047, 1392600538, 1879090353, 1423527466, 1398508295, 1413201106, 1306332293, 1467479613, 1463741292, 1819063989, 1301706965, 1358455058, 531344450, 864485873, 1815365068, 1430712577, 1834562932, 1441758494, 1407599305, 1819194939, 1363205817, 1458277813, 1378269856, 1429407612, 1350143293, 419250238, 1354504985, 1389664235, 1894396523, 1297742167, 1817947990, 1423212003, 1478982092, 525086802, 1423008915, 1384311632, 545350947, 1445247246, 460548423, 1429392677, 1356953795, 1315564348, 1808552088, 1325968474, 1432968475, 1333336513, 1399368108, 478497102, 1432248429, 1388595437, 1443838552, 1372188635, 1304655068, 35497894, 1359783158, 1433064869, 558766471, 1821540020, 565794655, 1430365053, 1358202573, 551653408, 1326345574, 496370620, 1831482748, 1331156910, 569919501, 1347474868, 1919147134, 1387183835, 1921493844, 430793721, 1322892676, 440208643, 1334270729, 1927693793, 1318721004, 1469528509, 1425953187, 1387600215, 1860245819, 1434036583, 1811504214, 1429731041, 1806303555, 1415785772, 1357999894, 1419584790, 1407060768, 1366078131, 541648644, 1395222212, 517933613, 1444855310, 1909900660, 1463870262, 521416693, 1484248099, 558108796, 1339420560, 1862678836, 1347026812, 1380464602, 1426888460, 1808039865, 1823574355, 1498364464, 1318721017, 1843239434, 545385754, 1450311501, 1378639867, 553817982, 526099067, 1356322638, 1350335694, 1448851699, 1307256482, 1448972404, 1813066296, 1815796162, 1466275598, 516929058, 1440800347, 416531522, 1459436775, 1345937108, 1322336567, 1809174160, 38018486, 554242503, 1454037425, 447846372, 1816645717, 1451762098, 1819703536, 1448069026, 1388407065, 1925500681, 1434962352, 1374227555, 480341703, 1346663491, 1316921651, 1485809756, 1430342558, 1427200303, 1933594385, 1369034061, 1949423188, 520230512, 1931616546, 1436575829, 1955659982, 1379545732, 1440563289, 446627373, 1962079068, 1363972180, 1831795705, 1310690677, 1956161771, 1961452524, 1325665785, 1869352709, 534542159, 1463960599, 27955142, 1388961671, 1825953468, 1944123716, 1935967934, 1950100043, 1953542636, 1465843466, 1917868005, 1384726109]"
